# problem = TPV205
# author = BradAagaard
# date = Fri Oct 30 16:30:00 2009
# code = EqSim
# code_version = 0.6.6
# element_size = 100m
# time_step =   5.000000E-02
# num_timesteps =      301
# location = 3.0 km off fault, -12.0 km along strike and -0.0 km depth
# Time series in 7 columns of E14.6:
# Column #1 = time (s)
# Column #2 = horizontal fault-parallel displacement (m)
# Column #3 = horizontal fault-parallel velocity (m/s)
# Column #4 = vertical displacement (m)
# Column #5 = vertical velocity (m/s)
# Column #6 = horizontal fault-normal displacement (m)
# Column #7 = horizontal fault-normal velocity (m/s)
#
# Data fields
#t h-disp h-vel v-disp v-vel n-disp n-vel
0.000000e+00   0.000000e+00   0.000000e+00  -0.000000e+00  -0.000000e+00  -0.000000e+00  -0.000000e+00
5.000000e-02   0.000000e+00   0.000000e+00  -0.000000e+00  -0.000000e+00  -0.000000e+00  -0.000000e+00
1.000000e-01   0.000000e+00   0.000000e+00  -0.000000e+00  -0.000000e+00  -0.000000e+00  -0.000000e+00
1.500000e-01   0.000000e+00   8.286917e-26  -0.000000e+00   4.247154e-25  -0.000000e+00   9.554064e-26
2.000000e-01   8.286918e-27  -1.082300e-21   4.247154e-26  -1.856507e-21   9.554064e-27  -2.480794e-21
2.500000e-01  -1.082300e-22  -2.779616e-20  -1.856507e-22   1.600381e-19  -2.480794e-22   3.264746e-19
3.000000e-01  -2.779608e-21  -9.967610e-18   1.600386e-20  -1.501817e-17   3.264747e-20  -1.116728e-17
3.500000e-01  -9.968693e-19  -4.530843e-16  -1.502002e-18  -5.657259e-15  -1.116976e-18   5.561764e-15
4.000000e-01  -4.531121e-17  -2.598994e-15  -5.657100e-16  -3.810886e-13   5.562091e-16   8.331243e-13
4.500000e-01  -2.608963e-16   1.760174e-12  -3.811036e-14  -7.741749e-12   8.331131e-14   1.891020e-11
5.000000e-01   1.759721e-13   9.450115e-12  -7.747406e-13  -4.238256e-11   1.891577e-12   1.363843e-10
5.500000e-01   9.447507e-13  -9.229261e-11  -4.276367e-12   1.584784e-11   1.372174e-11   8.671257e-11
6.000000e-01  -9.053289e-12  -6.476208e-11   8.100437e-13   9.551507e-11   1.056283e-11  -1.620205e-10
6.500000e-01  -5.531458e-12   1.514950e-11   5.275141e-12   4.005140e-11  -2.480308e-12  -8.792877e-11
7.000000e-01  -7.538340e-12   2.828278e-10   4.815184e-12  -1.266597e-10   1.769957e-12   4.043612e-10
7.500000e-01   2.275133e-11   7.214487e-10  -7.390827e-12  -2.442801e-10   3.795581e-11   1.481870e-10
8.000000e-01   6.460654e-11  -7.375920e-10  -1.961282e-11   2.437494e-10   1.658866e-11   1.864578e-10
8.500000e-01  -5.100789e-11  -3.674927e-09   1.698412e-11  -1.664496e-10   5.660159e-11  -1.457025e-10
9.000000e-01  -3.028861e-10  -4.990353e-09  -3.625778e-11  -4.968696e-10   2.018413e-12  -6.336192e-10
9.500000e-01  -5.500432e-10  -1.825151e-10  -3.270284e-11   6.281531e-10  -6.760331e-12   3.416513e-10
1.000000e+00  -3.211376e-10   5.664651e-09   2.655752e-11   2.866967e-10   3.618354e-11  -1.447651e-10
1.050000e+00   1.642194e-11   9.545439e-10  -4.033170e-12  -1.046406e-09  -2.123684e-11   1.520122e-10
1.100000e+00  -2.256832e-10  -1.201191e-09  -7.808309e-11   3.541068e-10   5.138476e-11   3.550852e-10
1.150000e+00  -1.036972e-10   1.879595e-09   3.137751e-11   1.018239e-09   1.427168e-11  -4.714862e-10
1.200000e+00  -3.772373e-11   1.856447e-09   2.374081e-11  -4.664247e-10   4.236132e-12  -9.301260e-10
1.250000e+00   8.194757e-11   1.604803e-09  -1.526496e-11   4.489330e-10  -7.874092e-11  -1.021591e-09
1.300000e+00   1.227566e-10   7.282983e-10   6.863411e-11   7.469362e-10  -9.792295e-11  -7.205878e-10
1.350000e+00   1.547774e-10   1.033177e-09   5.942866e-11  -4.902280e-10  -1.507997e-10  -1.894186e-11
1.400000e+00   2.260743e-10   6.526762e-10   1.961131e-11   3.032620e-10  -9.981713e-11  -2.271086e-10
1.450000e+00   2.200450e-10   4.374562e-10   8.975486e-11  -5.504958e-10  -1.735106e-10  -2.484388e-11
1.500000e+00   2.698199e-10   6.431912e-10  -3.543826e-11   1.487398e-10  -1.023015e-10  -2.756112e-10
1.550000e+00   2.843641e-10   5.840753e-10   1.046288e-10   7.644046e-10  -2.010717e-10  -4.393698e-10
1.600000e+00   3.282274e-10   1.629424e-09   4.100219e-11  -3.710021e-10  -1.462385e-10   3.648012e-11
1.650000e+00   4.473066e-10   5.926279e-10   6.752864e-11   3.705863e-10  -1.974237e-10  -4.995321e-10
1.700000e+00   3.874902e-10   2.474262e-10   7.806083e-11  -6.627296e-11  -1.961917e-10   1.148526e-12
1.750000e+00   4.720492e-10   1.473475e-09   6.090134e-11   1.737049e-10  -1.973088e-10  -1.523889e-10
1.800000e+00   5.348378e-10   9.458528e-10   9.543132e-11   2.412154e-10  -2.114306e-10   1.295150e-10
1.850000e+00   5.666345e-10  -3.710754e-11   8.502288e-11   3.611039e-10  -1.843573e-10  -3.333510e-10
1.900000e+00   5.311270e-10   1.416293e-09   1.315417e-10   3.445503e-10  -2.447657e-10  -6.570839e-10
1.950000e+00   7.082638e-10   8.639396e-09   1.194779e-10   4.945950e-09  -2.500657e-10  -2.565471e-09
2.000000e+00   1.395067e-09   2.154138e-07   6.261368e-10   1.185683e-07  -5.013128e-10  -4.984196e-08
2.050000e+00   2.224965e-08   2.788799e-06   1.197631e-08   1.584756e-06  -5.234262e-09  -6.274898e-07
2.100000e+00   2.802749e-07   1.967260e-05   1.591018e-07   1.141700e-05  -6.325030e-08  -4.262340e-06
2.150000e+00   1.989509e-06   7.641087e-05   1.153676e-06   4.490206e-05  -4.314683e-07  -1.522631e-05
2.200000e+00   7.921362e-06   1.815947e-04   4.649308e-06   1.071043e-04  -1.585881e-06  -3.038816e-05
2.250000e+00   2.014898e-05   3.310532e-04   1.186410e-05   1.956478e-04  -3.470285e-06  -4.316029e-05
2.300000e+00   4.102668e-05   5.495439e-04   2.421409e-05   3.261454e-04  -5.901910e-06  -5.517027e-05
2.350000e+00   7.510337e-05   8.818237e-04   4.447864e-05   5.243102e-04  -8.987311e-06  -6.784423e-05
2.400000e+00   1.292090e-04   1.375664e-03   7.664511e-05   8.155467e-04  -1.268633e-05  -8.034026e-05
2.450000e+00   2.126698e-04   2.119426e-03   1.260333e-04   1.251228e-03  -1.702134e-05  -9.433731e-05
2.500000e+00   3.411516e-04   3.262577e-03   2.017679e-04   1.922334e-03  -2.212006e-05  -1.184787e-04
2.550000e+00   5.389275e-04   4.976296e-03   3.182667e-04   2.933547e-03  -2.886921e-05  -1.502553e-04
2.600000e+00   8.387812e-04   7.653481e-03   4.951226e-04   4.525618e-03  -3.714559e-05  -2.235887e-04
2.650000e+00   1.304276e-03   1.183633e-02   7.708285e-04   7.020606e-03  -5.122808e-05  -3.567360e-04
2.700000e+00   2.022414e-03   1.752559e-02   1.197183e-03   1.043289e-02  -7.281920e-05  -3.976350e-04
2.750000e+00   3.056835e-03   2.183229e-02   1.814117e-03   1.296664e-02  -9.099158e-05   4.561878e-04
2.800000e+00   4.205643e-03   2.099068e-02   2.493847e-03   1.226038e-02  -2.720042e-05   2.894748e-03
2.850000e+00   5.155903e-03   1.922910e-02   3.040156e-03   1.106281e-02   1.984832e-04   5.217618e-03
2.900000e+00   6.128553e-03   1.954141e-02   3.600128e-03   1.118123e-02   4.945614e-04   6.814480e-03
2.950000e+00   7.110044e-03   1.941559e-02   4.158278e-03   1.094045e-02   8.799313e-04   8.536728e-03
3.000000e+00   8.070112e-03   1.938510e-02   4.694174e-03   1.082214e-02   1.348234e-03   9.939139e-03
3.050000e+00   9.048554e-03   1.987844e-02   5.240492e-03   1.112043e-02   1.873845e-03   1.134777e-02
3.100000e+00   1.005796e-02   2.055111e-02   5.806217e-03   1.144732e-02   2.483011e-03   1.250430e-02
3.150000e+00   1.110367e-02   2.147922e-02   6.385224e-03   1.198496e-02   3.124275e-03   1.373939e-02
3.200000e+00   1.220588e-02   2.304289e-02   7.004712e-03   1.304055e-02   3.856951e-03   1.474361e-02
3.250000e+00   1.340795e-02   2.448059e-02   7.689279e-03   1.385857e-02   4.598636e-03   1.585800e-02
3.300000e+00   1.465394e-02   2.652477e-02   8.390569e-03   1.511849e-02   5.442751e-03   1.700965e-02
3.350000e+00   1.606043e-02   2.842926e-02   9.201128e-03   1.637110e-02   6.299601e-03   1.803663e-02
3.400000e+00   1.749686e-02   3.081566e-02   1.002768e-02   1.791649e-02   7.246414e-03   1.937120e-02
3.450000e+00   1.914200e-02   3.334600e-02   1.099278e-02   1.940243e-02   8.236721e-03   2.058889e-02
3.500000e+00   2.083146e-02   3.647188e-02   1.196792e-02   2.137705e-02   9.305303e-03   2.188671e-02
3.550000e+00   2.278918e-02   3.994850e-02   1.313048e-02   2.381122e-02   1.042539e-02   2.321688e-02
3.600000e+00   2.482631e-02   4.317643e-02   1.434904e-02   2.564772e-02   1.162699e-02   2.479476e-02
3.650000e+00   2.710683e-02   4.737007e-02   1.569525e-02   2.838478e-02   1.290487e-02   2.633151e-02
3.700000e+00   2.956332e-02   5.122637e-02   1.718752e-02   3.109658e-02   1.426014e-02   2.773852e-02
3.750000e+00   3.222946e-02   5.646890e-02   1.880491e-02   3.420237e-02   1.567872e-02   2.925463e-02
3.800000e+00   3.521021e-02   6.237585e-02   2.060776e-02   3.773930e-02   1.718560e-02   3.058983e-02
3.850000e+00   3.846705e-02   6.880645e-02   2.257884e-02   4.152987e-02   1.873770e-02   3.177451e-02
3.900000e+00   4.209086e-02   7.609732e-02   2.476075e-02   4.634099e-02   2.036306e-02   3.294181e-02
3.950000e+00   4.607678e-02   8.529812e-02   2.721294e-02   5.226899e-02   2.203188e-02   3.288059e-02
4.000000e+00   5.062067e-02   9.658035e-02   2.998765e-02   6.028369e-02   2.365111e-02   3.186777e-02
4.050000e+00   5.573482e-02   1.075164e-01   3.324131e-02   7.003301e-02   2.521866e-02   2.949290e-02
4.100000e+00   6.137231e-02   1.173862e-01   3.699095e-02   8.205790e-02   2.660040e-02   2.455171e-02
4.150000e+00   6.747344e-02   1.249389e-01   4.144710e-02   9.470839e-02   2.767383e-02   1.303134e-02
4.200000e+00   7.386620e-02   1.250881e-01   4.646179e-02   1.015841e-01   2.790354e-02  -1.134858e-02
4.250000e+00   7.998225e-02   1.211233e-01   5.160551e-02   1.054783e-01   2.653898e-02  -5.024161e-02
4.300000e+00   8.597852e-02   1.196420e-01   5.700962e-02   1.099857e-01   2.287938e-02  -8.437609e-02
4.350000e+00   9.194645e-02   1.234870e-01   6.260408e-02   1.162378e-01   1.810137e-02  -9.523531e-02
4.400000e+00   9.832723e-02   1.300722e-01   6.863340e-02   1.236133e-01   1.335585e-02  -9.471011e-02
4.450000e+00   1.049537e-01   1.390850e-01   7.496540e-02   1.325814e-01   8.630355e-03  -9.593774e-02
4.500000e+00   1.122357e-01   1.518778e-01   8.189154e-02   1.444453e-01   3.762071e-03  -9.595166e-02
4.550000e+00   1.201415e-01   1.664363e-01   8.940993e-02   1.586658e-01  -9.648107e-04  -9.243985e-02
4.600000e+00   1.288794e-01   1.839220e-01   9.775811e-02   1.755304e-01  -5.481914e-03  -9.010817e-02
4.650000e+00   1.385337e-01   2.030277e-01   1.069630e-01   1.936523e-01  -9.975628e-03  -8.941734e-02
4.700000e+00   1.491821e-01   2.237713e-01   1.171233e-01   2.134977e-01  -1.442365e-02  -8.993869e-02
4.750000e+00   1.609108e-01   2.455823e-01   1.283127e-01   2.355439e-01  -1.896950e-02  -9.668411e-02
4.800000e+00   1.737404e-01   2.693483e-01   1.406777e-01   2.579930e-01  -2.409206e-02  -1.084496e-01
4.850000e+00   1.878456e-01   2.945808e-01   1.541120e-01   2.815236e-01  -2.981446e-02  -1.253175e-01
4.900000e+00   2.031984e-01   3.192727e-01   1.688301e-01   3.058040e-01  -3.662381e-02  -1.503759e-01
4.950000e+00   2.197729e-01   3.454180e-01   1.846924e-01   3.304879e-01  -4.485205e-02  -1.787532e-01
5.000000e+00   2.377402e-01   3.756247e-01   2.018789e-01   3.549148e-01  -5.449913e-02  -2.165727e-01
5.050000e+00   2.573354e-01   4.089056e-01   2.201839e-01   3.674810e-01  -6.650932e-02  -2.852857e-01
5.100000e+00   2.786308e-01   4.481161e-01   2.386270e-01   3.482167e-01  -8.302770e-02  -4.052622e-01
5.150000e+00   3.021470e-01   5.051705e-01   2.550056e-01   2.978066e-01  -1.070355e-01  -5.729074e-01
5.200000e+00   3.291478e-01   5.904749e-01   2.684076e-01   2.447167e-01  -1.403184e-01  -7.402343e-01
5.250000e+00   3.611945e-01   6.572604e-01   2.794773e-01   1.909968e-01  -1.810590e-01  -8.568464e-01
5.300000e+00   3.948739e-01   6.263834e-01   2.875073e-01   1.160371e-01  -2.260031e-01  -9.165445e-01
5.350000e+00   4.238328e-01   5.268189e-01   2.910810e-01   2.263308e-02  -2.727134e-01  -9.308925e-01
5.400000e+00   4.475558e-01   4.474115e-01   2.897706e-01  -6.603599e-02  -3.190923e-01  -8.804214e-01
5.450000e+00   4.685740e-01   3.684407e-01   2.844774e-01  -1.343191e-01  -3.607556e-01  -7.885134e-01
5.500000e+00   4.843999e-01   2.954203e-01   2.763387e-01  -2.143362e-01  -3.979437e-01  -7.109001e-01
5.550000e+00   4.981160e-01   2.824193e-01   2.630438e-01  -2.447015e-01  -4.318456e-01  -5.737719e-01
5.600000e+00   5.126418e-01   1.925543e-01   2.518686e-01  -2.620006e-01  -4.553209e-01  -4.749358e-01
5.650000e+00   5.173714e-01   1.204598e-01   2.368437e-01  -3.632832e-01  -4.793392e-01  -4.225242e-01
5.700000e+00   5.246878e-01   2.573162e-01   2.155403e-01  -3.797929e-01  -4.975733e-01  -2.818480e-01
5.750000e+00   5.431030e-01   3.827769e-01   1.988644e-01  -2.642271e-01  -5.075240e-01  -6.613284e-02
5.800000e+00   5.629655e-01   4.562116e-01   1.891176e-01  -3.321829e-01  -5.041866e-01   1.736921e-01
5.850000e+00   5.887242e-01   5.653018e-01   1.656461e-01  -5.312079e-01  -4.901547e-01   2.270028e-01
5.900000e+00   6.194956e-01   6.623232e-01   1.359968e-01  -5.806470e-01  -4.814863e-01   1.404139e-01
5.950000e+00   6.549565e-01   7.100004e-01   1.075814e-01  -4.556745e-01  -4.761133e-01   4.851609e-02
6.000000e+00   6.904957e-01   7.113212e-01   9.042931e-02  -2.573814e-01  -4.766347e-01  -1.551718e-02
6.050000e+00   7.260886e-01   6.905180e-01   8.184328e-02  -1.011333e-01  -4.776651e-01  -1.981974e-02
6.100000e+00   7.595475e-01   6.523174e-01   8.031598e-02   7.394627e-03  -4.786167e-01  -3.324747e-03
6.150000e+00   7.913204e-01   6.166285e-01   8.258274e-02   6.651551e-02  -4.779975e-01   2.849787e-02
6.200000e+00   8.212103e-01   5.905563e-01   8.696753e-02   7.881187e-02  -4.757669e-01   5.048215e-02
6.250000e+00   8.503760e-01   5.736333e-01   9.046393e-02   7.406130e-02  -4.729493e-01   6.218523e-02
6.300000e+00   8.785737e-01   5.471462e-01   9.437366e-02   8.052520e-02  -4.695483e-01   6.791711e-02
6.350000e+00   9.050906e-01   5.063665e-01   9.851645e-02   7.785723e-02  -4.661576e-01   7.400572e-02
6.400000e+00   9.292103e-01   4.597747e-01   1.021594e-01   1.100916e-01  -4.621478e-01   2.898961e-02
6.450000e+00   9.510681e-01   3.785235e-01   1.095256e-01   1.462612e-01  -4.632587e-01  -5.013078e-02
6.500000e+00   9.670627e-01   3.171772e-01   1.167855e-01   1.652282e-01  -4.671609e-01  -1.076233e-01
6.550000e+00   9.827858e-01   3.019029e-01   1.260484e-01   1.924526e-01  -4.740210e-01  -1.378056e-01
6.600000e+00   9.972529e-01   2.857649e-01   1.360308e-01   1.890901e-01  -4.809414e-01  -1.485994e-01
6.650000e+00   1.011362e+00   2.903807e-01   1.449574e-01   1.592156e-01  -4.888809e-01  -1.674649e-01
6.700000e+00   1.026291e+00   2.635550e-01   1.519523e-01   1.389544e-01  -4.976879e-01  -1.823753e-01
6.750000e+00   1.037718e+00   2.048671e-01   1.588529e-01   1.896231e-01  -5.071185e-01  -2.253869e-01
6.800000e+00   1.046778e+00   2.385116e-01   1.709146e-01   2.477136e-01  -5.202266e-01  -3.036076e-01
6.850000e+00   1.061569e+00   2.316833e-01   1.836242e-01   2.398738e-01  -5.374792e-01  -3.257990e-01
6.900000e+00   1.069946e+00   1.222110e-01   1.949020e-01   2.201101e-01  -5.528065e-01  -2.847874e-01
6.950000e+00   1.073790e+00   4.644394e-02   2.056352e-01   1.449074e-01  -5.659580e-01  -2.241278e-01
7.000000e+00   1.074590e+00  -1.382470e-02   2.093928e-01   7.066995e-02  -5.752193e-01  -1.702362e-01
7.050000e+00   1.072408e+00  -3.968477e-02   2.127022e-01   2.338842e-02  -5.829816e-01  -1.320297e-01
7.100000e+00   1.070622e+00  -3.387332e-02   2.117316e-01  -1.286209e-02  -5.884222e-01  -1.205146e-01
7.150000e+00   1.069020e+00  -1.476049e-02   2.114160e-01  -1.577556e-02  -5.950330e-01  -1.300550e-01
7.200000e+00   1.069146e+00   1.549721e-03   2.101540e-01  -3.519177e-02  -6.014277e-01  -1.330143e-01
7.250000e+00   1.069175e+00  -1.336575e-02   2.078969e-01  -4.554898e-02  -6.083345e-01  -1.262802e-01
7.300000e+00   1.067809e+00  -2.403498e-02   2.055991e-01  -5.387649e-02  -6.140558e-01  -1.164412e-01
7.350000e+00   1.066772e+00  -9.959936e-03   2.025092e-01  -4.866853e-02  -6.199786e-01  -1.186508e-01
7.400000e+00   1.066813e+00   2.071857e-03   2.007323e-01  -4.280999e-02  -6.259208e-01  -1.275045e-01
7.450000e+00   1.066979e+00   1.517773e-02   1.982282e-01  -3.336415e-02  -6.327291e-01  -1.422280e-01
7.500000e+00   1.068331e+00   1.618505e-02   1.973959e-01  -1.948684e-02  -6.401436e-01  -1.412654e-01
7.550000e+00   1.068597e+00   2.314448e-02   1.962795e-01  -2.828076e-02  -6.468556e-01  -1.424277e-01
7.600000e+00   1.070646e+00   3.715396e-02   1.945678e-01  -2.461001e-02  -6.543864e-01  -1.460314e-01
7.650000e+00   1.072313e+00   3.293872e-02   1.938185e-01  -2.005905e-02  -6.614587e-01  -1.458400e-01
7.700000e+00   1.073939e+00   3.539085e-02   1.925619e-01  -2.005771e-02  -6.689704e-01  -1.444310e-01
7.750000e+00   1.075852e+00   4.058599e-02   1.918128e-01  -1.857847e-02  -6.759018e-01  -1.453328e-01
7.800000e+00   1.077998e+00   4.704595e-02   1.907040e-01  -2.273560e-02  -6.835037e-01  -1.464754e-01
7.850000e+00   1.080557e+00   5.723953e-02   1.895392e-01  -1.702517e-02  -6.905494e-01  -1.452720e-01
7.900000e+00   1.083722e+00   5.378008e-02   1.890015e-01  -2.182469e-02  -6.980309e-01  -1.532888e-01
7.950000e+00   1.085935e+00   5.658627e-02   1.873567e-01  -2.853245e-02  -7.058783e-01  -1.656646e-01
8.000000e+00   1.089381e+00   5.396605e-02   1.861483e-01  -2.685755e-02  -7.145973e-01  -1.642936e-01
8.050000e+00   1.091331e+00   6.027222e-02   1.846710e-01  -4.193857e-02  -7.223076e-01  -1.552999e-01
8.100000e+00   1.095408e+00   7.817388e-02   1.819544e-01  -4.104078e-02  -7.301273e-01  -1.608241e-01
8.150001e+00   1.099149e+00   7.258773e-02   1.805669e-01  -3.269225e-02  -7.383900e-01  -1.636314e-01
8.200000e+00   1.102667e+00   7.992387e-02   1.786852e-01  -4.710779e-02  -7.464905e-01  -1.609915e-01
8.250000e+00   1.107141e+00   7.912278e-02   1.758561e-01  -4.765317e-02  -7.544892e-01  -1.640022e-01
8.300000e+00   1.110579e+00   7.639170e-02   1.739199e-01  -4.847899e-02  -7.628907e-01  -1.673532e-01
8.350000e+00   1.114780e+00   8.848786e-02   1.710082e-01  -5.776107e-02  -7.712245e-01  -1.586860e-01
8.400001e+00   1.119428e+00   8.838892e-02   1.681438e-01  -5.747035e-02  -7.787593e-01  -1.617265e-01
8.450000e+00   1.123619e+00   8.703232e-02   1.652612e-01  -6.138578e-02  -7.873971e-01  -1.658690e-01
8.500000e+00   1.128131e+00   9.944201e-02   1.620052e-01  -6.270483e-02  -7.953462e-01  -1.569700e-01
8.550000e+00   1.133563e+00   9.823918e-02   1.589907e-01  -5.806133e-02  -8.030941e-01  -1.649636e-01
8.600000e+00   1.137955e+00   9.956717e-02   1.561991e-01  -5.708441e-02  -8.118426e-01  -1.637602e-01
8.650001e+00   1.143520e+00   1.026571e-01   1.532823e-01  -5.560845e-02  -8.194702e-01  -1.532072e-01
8.700000e+00   1.148221e+00   1.009071e-01   1.506382e-01  -5.267859e-02  -8.271633e-01  -1.518339e-01
8.750000e+00   1.153611e+00   1.039839e-01   1.480144e-01  -4.583180e-02  -8.346536e-01  -1.381749e-01
8.800000e+00   1.158619e+00   9.385824e-02   1.460550e-01  -4.328266e-02  -8.409808e-01  -1.156497e-01
8.850000e+00   1.162996e+00   9.082437e-02   1.436861e-01  -3.881693e-02  -8.462185e-01  -8.751214e-02
8.900001e+00   1.167701e+00   8.822441e-02   1.421733e-01  -3.128380e-02  -8.497320e-01  -7.354319e-02
8.950000e+00   1.171819e+00   8.707285e-02   1.405578e-01  -2.527744e-02  -8.535728e-01  -8.786082e-02
9.000000e+00   1.176409e+00   8.077860e-02   1.396456e-01  -1.328230e-02  -8.585181e-01  -8.073866e-02
9.050000e+00   1.179897e+00   7.115483e-02   1.392295e-01  -1.160964e-02  -8.616467e-01  -6.741583e-02
9.100000e+00   1.183524e+00   7.610679e-02   1.384846e-01  -5.480945e-03  -8.652596e-01  -7.198095e-02
9.150001e+00   1.187507e+00   7.789731e-02   1.386814e-01  -6.818920e-03  -8.688448e-01  -6.052017e-02
9.200000e+00   1.191314e+00   7.043362e-02   1.378027e-01  -8.681267e-03  -8.713117e-01  -6.125450e-02
9.250000e+00   1.194551e+00   5.093813e-02   1.378133e-01  -4.350245e-03  -8.749703e-01  -6.992996e-02
9.300000e+00   1.196408e+00   4.067898e-02   1.373677e-01  -1.362011e-02  -8.783047e-01  -6.950676e-02
9.350000e+00   1.198619e+00   4.732847e-02   1.364513e-01  -1.856744e-02  -8.819209e-01  -7.397354e-02
9.400001e+00   1.201141e+00   5.015969e-02   1.355110e-01  -2.561450e-02  -8.857020e-01  -6.650269e-02
9.450000e+00   1.203635e+00   5.088568e-02   1.338898e-01  -2.185479e-02  -8.885712e-01  -6.126702e-02
9.500000e+00   1.206229e+00   4.919767e-02   1.333255e-01  -6.999224e-03  -8.918287e-01  -6.368101e-02
9.550000e+00   1.208554e+00   4.959583e-02   1.331899e-01  -8.196086e-03  -8.949393e-01  -6.462991e-02
9.600000e+00   1.211189e+00   5.027652e-02   1.325059e-01  -8.153915e-03  -8.982917e-01  -7.553279e-02
9.650001e+00   1.213582e+00   4.728675e-02   1.323745e-01  -9.343624e-03  -9.024926e-01  -9.479642e-02
9.700000e+00   1.215917e+00   4.305959e-02   1.315715e-01  -1.522958e-02  -9.077713e-01  -1.190162e-01
9.750000e+00   1.217888e+00   3.636241e-02   1.308516e-01  -2.075613e-02  -9.143942e-01  -1.277167e-01
9.800000e+00   1.219554e+00   3.113270e-02   1.294959e-01  -2.965674e-02  -9.205430e-01  -1.260018e-01
9.850000e+00   1.221001e+00   2.040982e-02   1.278859e-01  -2.709851e-02  -9.269944e-01  -1.312554e-01
9.900001e+00   1.221595e+00   1.585722e-02   1.267861e-01  -1.758963e-02  -9.336686e-01  -1.319003e-01
9.950000e+00   1.222587e+00   1.347542e-02   1.261269e-01  -7.507056e-03  -9.401844e-01  -1.381284e-01
1.000000e+01   1.222942e+00   1.786113e-02   1.260354e-01   6.259978e-04  -9.474814e-01  -1.415581e-01
1.005000e+01   1.224373e+00   2.620339e-02   1.261895e-01   5.173683e-03  -9.543402e-01  -1.365495e-01
1.010000e+01   1.225562e+00   2.971888e-02   1.265527e-01   8.689761e-03  -9.611363e-01  -1.327157e-01
1.015000e+01   1.227345e+00   2.925038e-02   1.270585e-01   1.601070e-02  -9.676118e-01  -1.303715e-01
1.020000e+01   1.228487e+00   3.569245e-02   1.281538e-01   1.521274e-02  -9.741735e-01  -1.351970e-01
1.025000e+01   1.230914e+00   4.076958e-02   1.285798e-01   1.464680e-02  -9.811315e-01  -1.370639e-01
1.030000e+01   1.232564e+00   3.591418e-02   1.296185e-01   1.608908e-02  -9.878799e-01  -1.250732e-01
1.035000e+01   1.234506e+00   3.687501e-02   1.301887e-01   6.691515e-03  -9.936388e-01  -1.212585e-01
1.040000e+01   1.236252e+00   2.704144e-02   1.302876e-01   7.782876e-03  -1.000006e+00  -1.255924e-01
1.045000e+01   1.237210e+00   2.979040e-02   1.309670e-01   6.837398e-03  -1.006198e+00  -1.205206e-01
1.050000e+01   1.239231e+00   3.345847e-02   1.309714e-01   5.917251e-04  -1.012058e+00  -1.126385e-01
1.055000e+01   1.240556e+00   3.024340e-02   1.310261e-01   8.521229e-03  -1.017462e+00  -1.084173e-01
1.060000e+01   1.242255e+00   3.925323e-02   1.318235e-01   6.977320e-03  -1.022900e+00  -1.090598e-01
1.065000e+01   1.244481e+00   3.339887e-02   1.317239e-01   4.070997e-04  -1.028368e+00  -1.079309e-01
1.070000e+01   1.245595e+00   3.297210e-02   1.318642e-01  -4.661977e-03  -1.033693e+00  -1.078391e-01
1.075000e+01   1.247778e+00   3.850818e-02   1.312577e-01  -1.036078e-02  -1.039152e+00  -1.153362e-01
1.080000e+01   1.249446e+00   3.761530e-02   1.308281e-01  -1.052514e-02  -1.045226e+00  -1.130962e-01
1.085000e+01   1.251540e+00   3.941417e-02   1.302052e-01  -1.909748e-02  -1.050461e+00  -1.058674e-01
1.090000e+01   1.253387e+00   2.975702e-02   1.289184e-01  -2.528414e-02  -1.055813e+00  -1.091242e-01
1.095000e+01   1.254515e+00   2.361178e-02   1.276768e-01  -2.900034e-02  -1.061374e+00  -1.124918e-01
1.100000e+01   1.255749e+00   2.536774e-02   1.260183e-01  -2.815768e-02  -1.067062e+00  -1.130402e-01
1.105000e+01   1.257052e+00   2.372146e-02   1.248610e-01  -2.080321e-02  -1.072678e+00  -1.093006e-01
1.110000e+01   1.258121e+00   2.270103e-02   1.239380e-01  -1.774244e-02  -1.077992e+00  -1.133323e-01
1.115000e+01   1.259322e+00   2.184033e-02   1.230867e-01  -1.506597e-02  -1.084011e+00  -1.192725e-01
1.120000e+01   1.260305e+00   1.819730e-02   1.224314e-01  -1.896642e-02  -1.089919e+00  -1.137865e-01
1.125000e+01   1.261142e+00   1.637936e-02   1.211901e-01  -3.200524e-02  -1.095390e+00  -1.138806e-01
1.130000e+01   1.261943e+00   1.747608e-02   1.192309e-01  -3.960662e-02  -1.101308e+00  -1.194859e-01
1.135000e+01   1.262890e+00   2.506495e-02   1.172294e-01  -3.584497e-02  -1.107338e+00  -1.224649e-01
1.140000e+01   1.264449e+00   2.010822e-02   1.156464e-01  -3.982291e-02  -1.113554e+00  -1.299644e-01
1.145000e+01   1.264900e+00   1.411796e-02   1.132471e-01  -3.403805e-02  -1.120335e+00  -1.389670e-01
1.150000e+01   1.265861e+00   1.562238e-02   1.122426e-01  -2.586462e-02  -1.127451e+00  -1.359308e-01
1.155000e+01   1.266463e+00   1.124978e-02   1.106607e-01  -2.688594e-02  -1.133928e+00  -1.312101e-01
1.160000e+01   1.266986e+00   9.411573e-03   1.095540e-01  -2.221577e-02  -1.140572e+00  -1.329136e-01
1.165000e+01   1.267404e+00   9.855032e-03   1.084391e-01  -2.000473e-02  -1.147219e+00  -1.328969e-01
1.170000e+01   1.267972e+00   9.721518e-03   1.075535e-01  -2.255164e-02  -1.153861e+00  -1.326621e-01
1.175000e+01   1.268376e+00   5.614758e-03   1.061839e-01  -2.362311e-02  -1.160485e+00  -1.301956e-01
1.180000e+01   1.268533e+00   4.121065e-03   1.051912e-01  -1.895681e-02  -1.166881e+00  -1.265907e-01
1.185000e+01   1.268788e+00   7.328987e-03   1.042883e-01  -1.698412e-02  -1.173144e+00  -1.300418e-01
1.190000e+01   1.269266e+00   7.966757e-03   1.034928e-01  -2.092049e-02  -1.179885e+00  -1.345122e-01
1.195000e+01   1.269585e+00   7.754564e-03   1.021962e-01  -3.085889e-02  -1.186596e+00  -1.303506e-01
1.200000e+01   1.270041e+00   6.322861e-03   1.004069e-01  -2.764933e-02  -1.192920e+00  -1.290560e-01
1.205000e+01   1.270217e+00   5.463362e-03   9.943128e-02  -2.240315e-02  -1.199501e+00  -1.331615e-01
1.210000e+01   1.270588e+00   1.209974e-03   9.816661e-02  -2.554186e-02  -1.206236e+00  -1.256812e-01
1.215000e+01   1.270338e+00  -3.889799e-03   9.687710e-02  -2.745941e-02  -1.212069e+00  -1.248205e-01
1.220000e+01   1.270199e+00   2.049208e-03   9.542067e-02  -2.859846e-02  -1.218718e+00  -1.224339e-01
1.225000e+01   1.270543e+00  -1.565218e-03   9.401725e-02  -2.676308e-02  -1.224313e+00  -1.129472e-01
1.230000e+01   1.270042e+00  -9.986162e-03   9.274436e-02  -2.622537e-02  -1.230013e+00  -1.140213e-01
1.235000e+01   1.269544e+00  -6.489754e-03   9.139472e-02  -2.515271e-02  -1.235715e+00  -1.114583e-01
1.240000e+01   1.269393e+00  -1.059294e-02   9.022909e-02  -2.229542e-02  -1.241159e+00  -1.131368e-01
1.245000e+01   1.268485e+00  -6.101131e-03   8.916517e-02  -2.880760e-02  -1.247029e+00  -1.108825e-01
1.250000e+01   1.268783e+00   6.291866e-03   8.734833e-02  -3.338270e-02  -1.252247e+00  -1.061392e-01
1.255000e+01   1.269114e+00  -7.402897e-04   8.582690e-02  -2.744183e-02  -1.257643e+00  -1.105988e-01
1.260000e+01   1.268709e+00   2.758503e-03   8.460414e-02  -2.965316e-02  -1.263307e+00  -1.111126e-01
1.265000e+01   1.269390e+00  -3.063679e-04   8.286159e-02  -3.049463e-02  -1.268754e+00  -1.001716e-01
1.270000e+01   1.268678e+00   1.133680e-03   8.155468e-02  -2.690300e-02  -1.273324e+00  -9.520054e-02
1.275000e+01   1.269503e+00   1.509666e-02   8.017129e-02  -2.776742e-02  -1.278274e+00  -9.606957e-02
1.280000e+01   1.270188e+00   1.138568e-02   7.877794e-02  -2.537064e-02  -1.282931e+00  -8.976460e-02
1.285000e+01   1.270642e+00   1.538754e-02   7.763422e-02  -2.502233e-02  -1.287250e+00  -8.374333e-02
1.290000e+01   1.271727e+00   1.597166e-02   7.627571e-02  -1.799442e-02  -1.291306e+00  -8.029938e-02
1.295000e+01   1.272239e+00   1.639962e-02   7.583478e-02  -1.081131e-02  -1.295280e+00  -7.904768e-02
1.300000e+01   1.273367e+00   2.105832e-02   7.519457e-02  -1.269601e-02  -1.299210e+00  -7.671952e-02
1.305000e+01   1.274345e+00   2.483845e-02   7.456518e-02  -1.279086e-02  -1.302952e+00  -7.534742e-02
1.310000e+01   1.275851e+00   3.326297e-02   7.391549e-02  -1.097426e-02  -1.306745e+00  -7.815242e-02
1.315000e+01   1.277671e+00   3.929615e-02   7.346775e-02  -4.323274e-03  -1.310767e+00  -8.126855e-02
1.320000e+01   1.279780e+00   4.712582e-02   7.348316e-02  -7.979125e-03  -1.314872e+00  -7.424593e-02
1.325000e+01   1.282384e+00   4.659772e-02   7.266984e-02  -1.059160e-02  -1.318192e+00  -7.532358e-02
1.330000e+01   1.284440e+00   4.540563e-02   7.242400e-02  -8.505955e-03  -1.322404e+00  -7.802844e-02
1.335000e+01   1.286924e+00   5.163908e-02   7.181925e-02  -5.011633e-03  -1.325995e+00  -7.630587e-02
1.340000e+01   1.289604e+00   5.792260e-02   7.192284e-02  -9.319186e-04  -1.330035e+00  -8.070350e-02
1.345000e+01   1.292717e+00   6.380081e-02   7.172605e-02  -5.550310e-03  -1.334065e+00  -7.706642e-02
1.350000e+01   1.295984e+00   6.634593e-02   7.136781e-02  -3.747642e-04  -1.337741e+00  -7.740736e-02
1.355000e+01   1.299351e+00   6.737947e-02   7.168858e-02  -1.128018e-04  -1.341806e+00  -8.021235e-02
1.360000e+01   1.302722e+00   6.562710e-02   7.135653e-02  -3.350601e-03  -1.345763e+00  -7.219791e-02
1.365000e+01   1.305914e+00   6.444812e-02   7.135352e-02  -7.629395e-04  -1.349026e+00  -7.028937e-02
1.370000e+01   1.309167e+00   6.794572e-02   7.128023e-02  -1.251400e-03  -1.352792e+00  -7.194996e-02
1.375000e+01   1.312709e+00   6.491899e-02   7.122838e-02  -3.914908e-03  -1.356221e+00  -6.627798e-02
1.380000e+01   1.315659e+00   6.182671e-02   7.088874e-02  -2.738833e-03  -1.359419e+00  -6.376743e-02
1.385000e+01   1.318891e+00   5.939960e-02   7.095449e-02   4.475340e-03  -1.362597e+00  -6.855965e-02
1.390000e+01   1.321599e+00   5.180001e-02   7.133628e-02   1.238778e-02  -1.366275e+00  -7.720947e-02
1.395000e+01   1.324071e+00   5.066395e-02   7.219327e-02   1.758941e-02  -1.370318e+00  -8.023977e-02
1.400000e+01   1.326665e+00   5.305529e-02   7.309522e-02   1.297362e-02  -1.374299e+00  -7.621765e-02
1.405000e+01   1.329377e+00   5.055428e-02   7.349063e-02   8.624271e-03  -1.377940e+00  -6.802082e-02
1.410000e+01   1.331720e+00   4.563808e-02   7.395764e-02   8.387268e-03  -1.381101e+00  -6.376863e-02
1.415000e+01   1.333941e+00   4.441619e-02   7.432936e-02   4.583746e-03  -1.384317e+00  -6.322384e-02
1.420000e+01   1.336162e+00   4.070044e-02   7.441602e-02   3.838912e-03  -1.387424e+00  -5.730510e-02
1.425000e+01   1.338011e+00   4.123211e-02   7.471325e-02   2.615303e-03  -1.390048e+00  -5.530238e-02
1.430000e+01   1.340285e+00   4.503727e-02   7.467755e-02  -3.513917e-03  -1.392954e+00  -5.373478e-02
1.435000e+01   1.342514e+00   4.339099e-02   7.436186e-02  -8.873120e-03  -1.395421e+00  -5.033493e-02
1.440000e+01   1.344624e+00   4.010201e-02   7.379024e-02  -9.939745e-03  -1.397988e+00  -5.070806e-02
1.445000e+01   1.346525e+00   3.811240e-02   7.336789e-02  -1.262322e-02  -1.400492e+00  -4.593730e-02
1.450000e+01   1.348436e+00   3.623486e-02   7.252792e-02  -1.804426e-02  -1.402581e+00  -4.190087e-02
1.455000e+01   1.350148e+00   4.067302e-02   7.156346e-02  -2.329782e-02  -1.404682e+00  -4.092216e-02
1.460000e+01   1.352503e+00   3.573179e-02   7.019813e-02  -2.574392e-02  -1.406674e+00  -3.947854e-02
1.465000e+01   1.353721e+00   2.585173e-02   6.898907e-02  -2.354324e-02  -1.408630e+00  -4.450917e-02
1.470000e+01   1.355088e+00   3.356576e-02   6.784381e-02  -2.284616e-02  -1.411124e+00  -4.439950e-02
1.475000e+01   1.357078e+00   3.629446e-02   6.670445e-02  -2.477191e-02  -1.413070e+00  -4.252195e-02
1.480000e+01   1.358718e+00   3.313661e-02   6.536662e-02  -2.427682e-02  -1.415377e+00  -4.403591e-02
1.485000e+01   1.360391e+00   3.294110e-02   6.427677e-02  -2.467580e-02  -1.417473e+00  -4.507780e-02
1.490000e+01   1.362012e+00   3.735423e-02   6.289904e-02  -2.661277e-02  -1.419884e+00  -4.992962e-02
1.495000e+01   1.364127e+00   4.067302e-02   6.161549e-02  -2.161387e-02  -1.422466e+00  -5.303025e-02
1.500000e+01   1.366079e+00   4.067302e-02   6.073765e-02  -2.161387e-02  -1.425187e+00  -5.303025e-02
