# problem = TPV205
# author = BradAagaard
# date = Fri Oct 30 16:30:00 2009
# code = EqSim
# code_version = 0.6.6
# element_size = 100m
# time_step =   5.000000E-02
# num_timesteps =      301
# location = 3.0 km off fault, 12.0 km along strike and -0.0 km depth
# Time series in 7 columns of E14.6:
# Column #1 = time (s)
# Column #2 = horizontal fault-parallel displacement (m)
# Column #3 = horizontal fault-parallel velocity (m/s)
# Column #4 = vertical displacement (m)
# Column #5 = vertical velocity (m/s)
# Column #6 = horizontal fault-normal displacement (m)
# Column #7 = horizontal fault-normal velocity (m/s)
#
# Data fields
#t h-disp h-vel v-disp v-vel n-disp n-vel
0.000000e+00   0.000000e+00   0.000000e+00  -0.000000e+00  -0.000000e+00  -0.000000e+00  -0.000000e+00
5.000000e-02   0.000000e+00   0.000000e+00  -0.000000e+00  -0.000000e+00  -0.000000e+00  -0.000000e+00
1.000000e-01   0.000000e+00   0.000000e+00  -0.000000e+00  -0.000000e+00  -0.000000e+00  -0.000000e+00
1.500000e-01   0.000000e+00  -7.412788e-26  -0.000000e+00  -1.775878e-26  -0.000000e+00  -1.592168e-25
2.000000e-01  -7.412789e-27  -4.145465e-22  -1.775878e-27  -2.754529e-21  -1.592168e-26  -2.299746e-21
2.500000e-01  -4.145465e-23   4.118279e-20  -2.754529e-22   2.689982e-19  -2.299746e-22   2.193434e-19
3.000000e-01   4.118271e-21  -2.015447e-17   2.689981e-20  -3.078683e-17   2.193432e-20  -2.841097e-17
3.500000e-01  -2.015488e-18  -3.998227e-16  -3.078959e-18  -4.964094e-15  -2.841327e-18   8.246958e-15
4.000000e-01  -3.997815e-17   2.319065e-16  -4.963825e-16  -3.559290e-13   8.247177e-16   7.817987e-13
4.500000e-01   2.117516e-17   1.889691e-12  -3.559598e-14  -6.005854e-12   7.817703e-14   1.470364e-11
5.000000e-01   1.889291e-13   1.903823e-11  -6.010818e-13  -4.497125e-11   1.471189e-12   1.237325e-10
5.500000e-01   1.903844e-12  -4.196445e-11  -4.532721e-12  -2.191330e-11   1.245143e-11   1.874815e-10
6.000000e-01  -4.007516e-12  -1.394267e-10  -2.792412e-12   2.172935e-10   2.021934e-11  -4.598144e-10
6.500000e-01  -1.203883e-11  -1.682148e-11   1.719663e-11   4.070852e-11  -3.353001e-11  -1.572524e-10
7.000000e-01  -5.689664e-12   1.330745e-10   1.278440e-12   9.065600e-11   4.494095e-12  -2.817517e-10
7.500000e-01   1.268620e-12   5.114668e-10   2.626223e-11   1.687417e-10  -6.170518e-11  -7.802813e-10
8.000000e-01   4.545702e-11  -5.132033e-10   1.815261e-11   1.126573e-10  -7.353404e-11   2.799144e-10
8.500000e-01  -5.005171e-11  -3.784217e-09   3.752796e-11  -4.614007e-11  -3.371373e-11  -4.864661e-10
9.000000e-01  -3.329647e-10  -4.719035e-09   1.353860e-11  -6.987559e-10  -1.221807e-10  -9.358996e-10
9.500000e-01  -5.219552e-10   2.486156e-10  -3.234763e-11   8.230222e-10  -1.273037e-10   5.264967e-10
1.000000e+00  -3.081032e-10   3.719079e-09   9.584082e-11   6.777179e-10  -6.953099e-11   9.703535e-10
1.050000e+00  -1.500473e-10   1.140336e-09   3.542415e-11  -1.888087e-09  -3.026835e-11   3.552247e-10
1.100000e+00  -1.940696e-10   1.005894e-09  -9.296794e-11  -7.697110e-10  -3.400852e-11   8.234589e-10
1.150000e+00  -4.945786e-11   1.393900e-09  -4.154694e-11   1.386140e-09   5.207754e-11   3.027714e-10
1.200000e+00  -5.467958e-11   2.290063e-09   4.564606e-11   7.636374e-11  -3.731372e-12  -2.789373e-10
1.250000e+00   1.795484e-10   2.594781e-09  -3.391057e-11   3.034321e-10   2.418380e-11   4.314453e-10
1.300000e+00   2.047985e-10  -1.214181e-09   7.598927e-11   4.278424e-10   3.941315e-11   2.666435e-10
1.350000e+00   5.813026e-11   1.290805e-09   8.873678e-12  -1.245686e-09   5.084815e-11   4.124549e-10
1.400000e+00   3.338790e-10   1.038045e-09  -4.857935e-11  -4.816966e-10   8.065865e-11   8.794362e-10
1.450000e+00   1.619348e-10   1.937153e-10  -3.929598e-11  -4.056618e-10   1.387918e-10   7.556862e-10
1.500000e+00   3.532506e-10   2.287972e-09  -8.914552e-11  -7.984217e-10   1.562273e-10   5.423160e-10
1.550000e+00   3.907320e-10   1.227002e-10  -1.191381e-10  -2.887662e-11   1.930234e-10   2.083181e-10
1.600000e+00   3.655206e-10   8.686132e-10  -9.203319e-11  -5.583090e-10   1.770591e-10  -3.179267e-10
1.650000e+00   4.775934e-10  -2.830555e-10  -1.749690e-10   6.888662e-10   1.612307e-10  -4.288482e-10
1.700000e+00   3.372150e-10   9.843137e-10  -2.314656e-11   8.314711e-10   1.341743e-10   2.013362e-10
1.750000e+00   5.760247e-10   1.792945e-09  -9.182193e-11  -3.967216e-10   1.813643e-10   1.422981e-10
1.800000e+00   5.165095e-10   2.706335e-11  -6.281872e-11   7.468249e-10   1.484041e-10   6.598068e-10
1.850000e+00   5.787311e-10   5.049344e-10  -1.713944e-11  -4.001642e-10   2.473450e-10   6.754983e-10
1.900000e+00   5.670029e-10   5.305623e-09  -1.028351e-10  -2.577726e-09   2.159539e-10   7.830719e-10
1.950000e+00   1.109293e-09   6.363196e-08  -2.749121e-10  -3.640908e-08   3.256522e-10   1.414268e-08
2.000000e+00   6.930199e-09   6.889588e-07  -3.743744e-09  -3.956312e-07   1.630222e-09   1.512585e-07
2.050000e+00   7.000517e-08   4.973926e-06  -3.983803e-08  -2.884988e-06   1.545151e-08   1.082904e-06
2.100000e+00   5.043228e-07   2.402847e-05  -2.922425e-07  -1.403634e-05   1.099206e-07   5.025191e-06
2.150000e+00   2.472852e-06   7.876632e-05  -1.443472e-06  -4.620578e-05   5.179706e-07   1.509308e-05
2.200000e+00   8.380955e-06   1.837765e-04  -4.912820e-06  -1.081865e-04   1.619229e-06   3.018902e-05
2.250000e+00   2.085051e-05   3.397737e-04  -1.226212e-05  -2.008330e-04   3.536872e-06   4.450148e-05
2.300000e+00   4.235833e-05   5.653757e-04  -2.499612e-05  -3.351342e-04   6.069377e-06   5.689441e-05
2.350000e+00   7.738808e-05   8.968553e-04  -4.577554e-05  -5.314397e-04   9.226314e-06   6.781771e-05
2.400000e+00   1.320439e-04   1.395396e-03  -7.814010e-05  -8.259816e-04   1.285115e-05   7.981587e-05
2.450000e+00   2.169277e-04   2.174771e-03  -1.283737e-04  -1.283220e-03   1.720790e-05   1.011754e-04
2.500000e+00   3.495210e-04   3.331564e-03  -2.064621e-04  -1.960323e-03   2.296868e-05   1.237026e-04
2.550000e+00   5.500841e-04   5.078531e-03  -3.244060e-04  -2.991042e-03   2.957816e-05   1.581442e-04
2.600000e+00   8.573741e-04   7.797048e-03  -5.055663e-04  -4.606511e-03   3.878311e-05   2.322188e-04
2.650000e+00   1.329789e-03   1.189192e-02  -7.850570e-04  -7.046433e-03   5.280005e-05   3.362002e-04
2.700000e+00   2.046566e-03   1.708989e-02  -1.210210e-03  -1.014568e-02   7.240313e-05   2.625447e-04
2.750000e+00   3.038778e-03   2.121312e-02  -1.799625e-03  -1.255241e-02   7.905452e-05  -5.939237e-04
2.800000e+00   4.167879e-03   2.141513e-02  -2.465450e-03  -1.253572e-02   1.301076e-05  -2.712050e-03
2.850000e+00   5.180291e-03   1.935956e-02  -3.053197e-03  -1.116003e-02  -1.921505e-04  -5.179802e-03
2.900000e+00   6.103834e-03   1.929441e-02  -3.581453e-03  -1.098886e-02  -5.049695e-04  -6.858535e-03
2.950000e+00   7.109731e-03   1.970103e-02  -4.152083e-03  -1.112336e-02  -8.780040e-04  -8.402211e-03
3.000000e+00   8.073937e-03   1.935177e-02  -4.693789e-03  -1.085343e-02  -1.345191e-03  -1.001602e-02
3.050000e+00   9.044908e-03   1.975065e-02  -5.237426e-03  -1.099382e-02  -1.879606e-03  -1.130528e-02
3.100000e+00   1.004900e-02   2.052100e-02  -5.793171e-03  -1.143476e-02  -2.475719e-03  -1.252379e-02
3.150000e+00   1.109701e-02   2.168553e-02  -6.380901e-03  -1.214922e-02  -3.131985e-03  -1.364220e-02
3.200000e+00   1.221756e-02   2.308346e-02  -7.008093e-03  -1.294141e-02  -3.839939e-03  -1.469055e-02
3.250000e+00   1.340535e-02   2.449153e-02  -7.675042e-03  -1.392908e-02  -4.601040e-03  -1.582077e-02
3.300000e+00   1.466671e-02   2.624223e-02  -8.401002e-03  -1.502892e-02  -5.422015e-03  -1.695761e-02
3.350000e+00   1.602958e-02   2.873812e-02  -9.177933e-03  -1.650902e-02  -6.296801e-03  -1.806685e-02
3.400000e+00   1.754052e-02   3.061982e-02  -1.005190e-02  -1.780590e-02  -7.228700e-03  -1.942364e-02
3.450000e+00   1.909156e-02   3.274474e-02  -1.095852e-02  -1.930295e-02  -8.239165e-03  -2.066899e-02
3.500000e+00   2.081499e-02   3.636286e-02  -1.198220e-02  -2.164611e-02  -9.295600e-03  -2.177320e-02
3.550000e+00   2.272785e-02   4.026635e-02  -1.312313e-02  -2.370052e-02  -1.041649e-02  -2.321539e-02
3.600000e+00   2.484163e-02   4.346982e-02  -1.435225e-02  -2.551805e-02  -1.161714e-02  -2.467631e-02
3.650000e+00   2.707483e-02   4.594849e-02  -1.567494e-02  -2.797606e-02  -1.288412e-02  -2.640818e-02
3.700000e+00   2.943648e-02   4.995601e-02  -1.714986e-02  -3.137451e-02  -1.425796e-02  -2.792227e-02
3.750000e+00   3.207043e-02   5.516628e-02  -1.881239e-02  -3.473135e-02  -1.567634e-02  -2.928487e-02
3.800000e+00   3.495311e-02   6.148532e-02  -2.062299e-02  -3.687346e-02  -1.718644e-02  -3.067505e-02
3.850000e+00   3.821896e-02   7.000268e-02  -2.249974e-02  -3.994931e-02  -1.874385e-02  -3.160546e-02
3.900000e+00   4.195337e-02   7.860810e-02  -2.461792e-02  -4.656695e-02  -2.034699e-02  -3.167136e-02
3.950000e+00   4.607977e-02   8.438088e-02  -2.715643e-02  -5.410124e-02  -2.191098e-02  -3.146185e-02
4.000000e+00   5.039146e-02   9.107310e-02  -3.002805e-02  -5.745720e-02  -2.349317e-02  -3.501894e-02
4.050000e+00   5.518708e-02   9.767689e-02  -3.290215e-02  -5.937772e-02  -2.541288e-02  -4.243121e-02
4.100000e+00   6.015915e-02   9.958204e-02  -3.596582e-02  -6.049592e-02  -2.773630e-02  -4.196065e-02
4.150000e+00   6.514528e-02   9.702954e-02  -3.895174e-02  -5.833548e-02  -2.960894e-02  -1.979968e-02
4.200000e+00   6.986210e-02   9.133697e-02  -4.179937e-02  -5.536843e-02  -2.971626e-02   1.846701e-02
4.250000e+00   7.427898e-02   8.689679e-02  -4.448859e-02  -5.319376e-02  -2.776224e-02   5.220817e-02
4.300000e+00   7.855178e-02   8.719198e-02  -4.711874e-02  -5.281631e-02  -2.449545e-02   7.255986e-02
4.350000e+00   8.299818e-02   9.114288e-02  -4.977022e-02  -5.257763e-02  -2.050626e-02   8.298764e-02
4.400000e+00   8.766607e-02   9.654075e-02  -5.237650e-02  -5.438846e-02  -1.619668e-02   8.857976e-02
4.450000e+00   9.265225e-02   1.044644e-01  -5.520906e-02  -5.843401e-02  -1.164828e-02   9.143339e-02
4.500000e+00   9.811251e-02   1.150952e-01  -5.821991e-02  -6.265409e-02  -7.053341e-03   9.162554e-02
4.550000e+00   1.041618e-01   1.287454e-01  -6.147447e-02  -6.821070e-02  -2.485725e-03   9.049860e-02
4.600000e+00   1.109871e-01   1.437739e-01  -6.504098e-02  -7.414751e-02   1.996519e-03   8.776673e-02
4.650000e+00   1.185392e-01   1.589662e-01  -6.888922e-02  -8.100659e-02   6.290948e-03   8.570816e-02
4.700000e+00   1.268837e-01   1.753165e-01  -7.314163e-02  -8.891784e-02   1.056734e-02   8.567113e-02
4.750000e+00   1.360708e-01   1.935056e-01  -7.778101e-02  -9.803951e-02   1.485806e-02   8.848462e-02
4.800000e+00   1.462342e-01   2.142128e-01  -8.294559e-02  -1.064774e-01   1.941580e-02   9.564311e-02
4.850000e+00   1.574921e-01   2.359945e-01  -8.842875e-02  -1.124080e-01   2.442237e-02   1.077117e-01
4.900000e+00   1.698337e-01   2.582613e-01  -9.418638e-02  -1.160042e-01   3.018697e-02   1.255488e-01
4.950000e+00   1.833182e-01   2.815104e-01  -1.000292e-01  -1.186503e-01   3.697725e-02   1.498625e-01
5.000000e+00   1.979847e-01   3.065787e-01  -1.060514e-01  -1.215418e-01   4.517321e-02   1.805658e-01
5.050000e+00   2.139761e-01   3.368896e-01  -1.121834e-01  -1.276308e-01   5.503383e-02   2.158953e-01
5.100000e+00   2.316737e-01   3.739153e-01  -1.188145e-01  -1.388424e-01   6.676275e-02   2.555541e-01
5.150000e+00   2.513676e-01   4.294808e-01  -1.260676e-01  -1.555307e-01   8.058923e-02   3.024415e-01
5.200000e+00   2.746218e-01   5.167830e-01  -1.343676e-01  -1.797692e-01   9.700689e-02   3.713194e-01
5.250000e+00   3.030459e-01   5.835620e-01  -1.440445e-01  -1.903334e-01   1.177212e-01   4.510727e-01
5.300000e+00   3.329780e-01   5.539575e-01  -1.534009e-01  -1.654923e-01   1.421142e-01   5.047971e-01
5.350000e+00   3.584417e-01   4.742694e-01  -1.605937e-01  -1.296166e-01   1.682009e-01   5.385776e-01
5.400000e+00   3.804049e-01   4.086107e-01  -1.663626e-01  -9.895593e-02   1.959719e-01   5.714166e-01
5.450000e+00   3.993028e-01   3.400439e-01  -1.704893e-01  -6.769434e-02   2.253425e-01   6.004481e-01
5.500000e+00   4.144093e-01   2.702051e-01  -1.731320e-01  -3.588885e-02   2.560167e-01   6.168753e-01
5.550000e+00   4.263233e-01   2.046716e-01  -1.740782e-01  -2.049059e-03   2.870301e-01   6.160033e-01
5.600000e+00   4.348764e-01   1.459309e-01  -1.733369e-01   2.439246e-02   3.176171e-01   5.968878e-01
5.650000e+00   4.409164e-01   8.106828e-02  -1.716390e-01   3.636435e-02   3.467188e-01   5.706984e-01
5.700000e+00   4.429833e-01  -2.053678e-02  -1.697005e-01   9.511828e-02   3.746869e-01   5.379957e-01
5.750000e+00   4.388627e-01   5.429000e-02  -1.621272e-01   1.918399e-01   4.005184e-01   3.753895e-01
5.800000e+00   4.484123e-01   2.889860e-01  -1.505165e-01   1.995578e-01   4.122258e-01   1.409641e-01
5.850000e+00   4.677613e-01   3.626114e-01  -1.421714e-01   2.252166e-01   4.146148e-01   4.585713e-02
5.900000e+00   4.846734e-01   3.988683e-01  -1.279948e-01   2.745013e-01   4.168116e-01   2.654850e-02
5.950000e+00   5.076481e-01   4.680809e-01  -1.147212e-01   2.406627e-01   4.172697e-01   2.552718e-02
6.000000e+00   5.314815e-01   5.069798e-01  -1.039285e-01   1.567394e-01   4.193643e-01   3.575921e-02
6.050000e+00   5.583461e-01   5.222172e-01  -9.904730e-02   6.932840e-02   4.208456e-01   3.385425e-02
6.100000e+00   5.837032e-01   5.138922e-01  -9.699570e-02  -4.993975e-03   4.227497e-01   2.112091e-02
6.150000e+00   6.097353e-01   5.048853e-01  -9.954669e-02  -5.524263e-02   4.229577e-01  -2.751350e-03
6.200000e+00   6.341918e-01   4.887247e-01  -1.025200e-01  -8.225970e-02   4.224746e-01  -1.633286e-02
6.250000e+00   6.586078e-01   4.771006e-01  -1.077727e-01  -1.012181e-01   4.213244e-01  -2.972633e-02
6.300000e+00   6.819018e-01   4.633021e-01  -1.126418e-01  -1.055401e-01   4.195019e-01  -4.214823e-02
6.350000e+00   7.049380e-01   4.531884e-01  -1.183267e-01  -1.053014e-01   4.171096e-01  -4.822552e-02
6.400000e+00   7.272207e-01   4.414016e-01  -1.231719e-01  -1.001047e-01   4.146794e-01  -4.956454e-02
6.450000e+00   7.490782e-01   4.040504e-01  -1.283371e-01  -1.112249e-01   4.121531e-01  -1.884818e-02
6.500000e+00   7.676257e-01   3.639698e-01  -1.342944e-01  -1.165819e-01   4.127946e-01   2.413660e-02
6.550000e+00   7.854751e-01   3.408605e-01  -1.399953e-01  -1.101871e-01   4.145668e-01   3.728688e-02
6.600000e+00   8.017117e-01   3.417903e-01  -1.453131e-01  -1.059763e-01   4.165232e-01   5.713791e-02
6.650000e+00   8.196542e-01   3.380138e-01  -1.505930e-01  -8.618012e-02   4.202806e-01   6.979465e-02
6.700000e+00   8.355131e-01   2.955067e-01  -1.539311e-01  -8.869067e-02   4.235027e-01   6.807745e-02
6.750000e+00   8.492048e-01   3.254682e-01  -1.594620e-01  -7.403284e-02   4.270883e-01   9.145558e-02
6.800000e+00   8.680599e-01   3.332812e-01  -1.613344e-01  -2.789855e-02   4.326483e-01   1.270583e-01
6.850000e+00   8.825330e-01   2.629524e-01  -1.622519e-01  -2.890810e-02   4.397942e-01   1.594272e-01
6.900000e+00   8.943552e-01   2.196991e-01  -1.642252e-01  -7.151380e-02   4.485910e-01   1.646042e-01
6.950000e+00   9.045029e-01   1.886904e-01  -1.694033e-01  -8.191362e-02   4.562546e-01   1.440090e-01
7.000000e+00   9.132242e-01   1.779389e-01  -1.724166e-01  -7.076785e-02   4.629919e-01   1.444849e-01
7.050000e+00   9.222968e-01   1.642710e-01  -1.764801e-01  -6.718606e-02   4.707031e-01   1.540202e-01
7.100000e+00   9.296513e-01   1.579696e-01  -1.791352e-01  -6.277561e-02   4.783939e-01   1.663533e-01
7.150000e+00   9.380937e-01   1.772869e-01  -1.827576e-01  -5.127043e-02   4.873384e-01   2.080813e-01
7.200000e+00   9.473800e-01   2.082735e-01  -1.842622e-01  -2.556935e-02   4.992020e-01   2.392730e-01
7.250000e+00   9.589211e-01   2.266282e-01  -1.853146e-01  -1.518533e-02   5.112657e-01   2.543226e-01
7.300000e+00   9.700428e-01   2.393997e-01  -1.857807e-01  -2.453387e-02   5.246343e-01   2.585101e-01
7.350000e+00   9.828610e-01   2.381641e-01  -1.877679e-01  -3.368780e-02   5.371167e-01   2.356321e-01
7.400000e+00   9.938592e-01   2.039278e-01  -1.891495e-01  -1.841426e-02   5.481975e-01   2.102393e-01
7.450000e+00   1.003254e+00   1.746386e-01  -1.896094e-01  -1.244158e-02   5.581406e-01   1.924616e-01
7.500000e+00   1.011323e+00   1.597798e-01  -1.903937e-01   5.927086e-03   5.674437e-01   1.662725e-01
7.550000e+00   1.019232e+00   1.455295e-01  -1.890167e-01   2.412304e-02   5.747679e-01   1.510060e-01
7.600000e+00   1.025876e+00   1.253152e-01  -1.879814e-01   2.046540e-02   5.825443e-01   1.441491e-01
7.650000e+00   1.031763e+00   1.181579e-01  -1.869701e-01   2.766714e-02   5.891828e-01   1.407045e-01
7.700000e+00   1.037692e+00   1.099372e-01  -1.852147e-01   3.046319e-02   5.966147e-01   1.408905e-01
7.750000e+00   1.042757e+00   1.137006e-01  -1.839238e-01   2.824768e-02   6.032718e-01   1.397973e-01
7.800000e+00   1.049062e+00   1.068985e-01  -1.823899e-01   2.997577e-02   6.105945e-01   1.491511e-01
7.850000e+00   1.053447e+00   9.906292e-02  -1.809262e-01   2.164215e-02   6.181870e-01   1.508504e-01
7.900000e+00   1.058968e+00   1.049924e-01  -1.802257e-01   2.017111e-02   6.256795e-01   1.558518e-01
7.950000e+00   1.063946e+00   1.056981e-01  -1.789091e-01   3.092200e-02   6.337721e-01   1.565212e-01
8.000000e+00   1.069538e+00   1.125383e-01  -1.771335e-01   3.152460e-02   6.413316e-01   1.610571e-01
8.050000e+00   1.075200e+00   1.085579e-01  -1.757566e-01   2.784431e-02   6.498778e-01   1.747596e-01
8.100000e+00   1.080394e+00   1.135504e-01  -1.743491e-01   1.822099e-02   6.588076e-01   1.800567e-01
8.150001e+00   1.086555e+00   1.204669e-01  -1.739345e-01   4.865825e-03   6.678835e-01   1.792079e-01
8.200000e+00   1.092440e+00   1.168919e-01  -1.738625e-01   1.581162e-02   6.767284e-01   1.749492e-01
8.250000e+00   1.098244e+00   1.203609e-01  -1.723534e-01   2.102479e-02   6.853784e-01   1.836753e-01
8.300000e+00   1.104477e+00   1.263511e-01  -1.717600e-01   1.339853e-02   6.950959e-01   1.813334e-01
8.350000e+00   1.110879e+00   1.136279e-01  -1.710135e-01   3.984571e-03   7.035118e-01   1.853013e-01
8.400001e+00   1.115839e+00   1.043296e-01  -1.713615e-01  -3.248453e-04   7.136260e-01   1.905590e-01
8.450000e+00   1.121312e+00   1.025832e-01  -1.710460e-01   1.074776e-02   7.225677e-01   1.894152e-01
8.500000e+00   1.126098e+00   9.017587e-02  -1.702868e-01   3.502265e-02   7.325675e-01   2.004665e-01
8.550000e+00   1.130330e+00   8.513331e-02  -1.675438e-01   5.103663e-02   7.426143e-01   1.953602e-01
8.600000e+00   1.134611e+00   7.260919e-02  -1.651831e-01   5.569115e-02   7.521036e-01   1.968789e-01
8.650001e+00   1.137591e+00   6.857991e-02  -1.619746e-01   5.270511e-02   7.623022e-01   1.960659e-01
8.700000e+00   1.141469e+00   7.080555e-02  -1.599126e-01   4.374191e-02   7.717102e-01   1.857799e-01
8.750000e+00   1.144671e+00   6.247520e-02  -1.576004e-01   4.905254e-02   7.808802e-01   1.601225e-01
8.800000e+00   1.147717e+00   6.026030e-02  -1.550073e-01   5.059630e-02   7.877224e-01   1.333398e-01
8.850000e+00   1.150697e+00   5.312681e-02  -1.525408e-01   4.792556e-02   7.942142e-01   1.291382e-01
8.900001e+00   1.153029e+00   5.581379e-02  -1.502148e-01   4.981562e-02   8.006362e-01   1.175344e-01
8.950000e+00   1.156279e+00   6.332874e-02  -1.475593e-01   5.301476e-02   8.059676e-01   1.016957e-01
9.000000e+00   1.159362e+00   5.785942e-02  -1.449133e-01   4.928455e-02   8.108058e-01   9.899735e-02
9.050000e+00   1.162065e+00   5.303264e-02  -1.426308e-01   3.634930e-02   8.158674e-01   1.046586e-01
9.100000e+00   1.164665e+00   5.493045e-02  -1.412784e-01   3.409624e-02   8.212717e-01   9.751439e-02
9.150001e+00   1.167558e+00   4.917979e-02  -1.392212e-01   3.655896e-02   8.256188e-01   9.546459e-02
9.200000e+00   1.169583e+00   4.760981e-02  -1.376225e-01   2.873838e-02   8.308181e-01   1.009101e-01
9.250000e+00   1.172319e+00   4.788995e-02  -1.363473e-01   2.816752e-02   8.357098e-01   1.038456e-01
9.300000e+00   1.174372e+00   4.371285e-02  -1.348057e-01   3.671363e-02   8.412027e-01   1.155901e-01
9.350000e+00   1.176690e+00   5.286098e-02  -1.326760e-01   4.505366e-02   8.472688e-01   1.112849e-01
9.400001e+00   1.179658e+00   6.231546e-02  -1.303004e-01   4.117697e-02   8.523312e-01   1.084346e-01
9.450000e+00   1.182922e+00   6.584764e-02  -1.285583e-01   3.283501e-02   8.581123e-01   1.125312e-01
9.500000e+00   1.186243e+00   7.026076e-02  -1.270169e-01   2.057061e-02   8.635843e-01   1.149619e-01
9.550000e+00   1.189948e+00   6.964207e-02  -1.265012e-01   1.612395e-02   8.696085e-01   1.210380e-01
9.600000e+00   1.193207e+00   6.531358e-02  -1.254045e-01   1.159161e-02   8.756881e-01   1.290959e-01
9.650001e+00   1.196479e+00   6.059408e-02  -1.253421e-01   5.687848e-03   8.825181e-01   1.372969e-01
9.700000e+00   1.199267e+00   4.736423e-02  -1.248357e-01   1.159988e-02   8.894178e-01   1.309943e-01
9.750000e+00   1.201215e+00   4.342437e-02  -1.241821e-01   1.343340e-02   8.956175e-01   1.316351e-01
9.800000e+00   1.203609e+00   3.796458e-02  -1.234923e-01   1.525491e-02   9.025813e-01   1.333237e-01
9.850000e+00   1.205012e+00   2.480149e-02  -1.226566e-01   2.076872e-02   9.089499e-01   1.195896e-01
9.900001e+00   1.206089e+00   1.350164e-02  -1.214155e-01   2.861679e-02   9.145402e-01   1.138675e-01
9.950000e+00   1.206362e+00   5.402565e-03  -1.197949e-01   2.971835e-02   9.203366e-01   1.179940e-01
1.000000e+01   1.206630e+00   4.935265e-03  -1.184436e-01   3.185347e-02   9.263396e-01   1.108986e-01
1.005000e+01   1.206856e+00   6.437302e-05  -1.166096e-01   3.911361e-02   9.314265e-01   9.857655e-02
1.010000e+01   1.206636e+00  -5.638599e-03  -1.145323e-01   3.819697e-02   9.361973e-01   9.788871e-02
1.015000e+01   1.206292e+00  -8.251667e-03  -1.127899e-01   3.457107e-02   9.412153e-01   9.540558e-02
1.020000e+01   1.205811e+00  -4.845858e-03  -1.110752e-01   3.562242e-02   9.457378e-01   1.009500e-01
1.025000e+01   1.205807e+00  -6.197691e-03  -1.092276e-01   3.777072e-02   9.513103e-01   1.134968e-01
1.030000e+01   1.205191e+00  -1.852751e-02  -1.072981e-01   4.277535e-02   9.570875e-01   1.182026e-01
1.035000e+01   1.203954e+00  -2.557755e-02  -1.049501e-01   3.726520e-02   9.631306e-01   1.202065e-01
1.040000e+01   1.202633e+00  -2.400279e-02  -1.035716e-01   2.567507e-02   9.691082e-01   1.222116e-01
1.045000e+01   1.201554e+00  -2.081752e-02  -1.023826e-01   1.865551e-02   9.753518e-01   1.244134e-01
1.050000e+01   1.200552e+00  -2.109528e-02  -1.017060e-01   1.249306e-02   9.815495e-01   1.203686e-01
1.055000e+01   1.199445e+00  -2.547860e-02  -1.011333e-01   1.841001e-02   9.873886e-01   1.141894e-01
1.060000e+01   1.198004e+00  -2.277374e-02  -9.986502e-02   1.063861e-02   9.929684e-01   1.194787e-01
1.065000e+01   1.197167e+00  -1.831412e-02  -1.000694e-01   3.522933e-03   9.993365e-01   1.245832e-01
1.070000e+01   1.196172e+00  -1.622558e-02  -9.951273e-02   6.346405e-03   1.005427e+00   1.208794e-01
1.075000e+01   1.195545e+00  -8.877516e-03  -9.943476e-02   7.959828e-03   1.011424e+00   1.143527e-01
1.080000e+01   1.195285e+00  -4.357100e-03  -9.871674e-02   1.509584e-02   1.016862e+00   1.112175e-01
1.085000e+01   1.195109e+00   2.084970e-03  -9.792518e-02   1.771465e-02   1.022546e+00   1.191092e-01
1.090000e+01   1.195493e+00   1.177430e-02  -9.694528e-02   2.008453e-02   1.028773e+00   1.316833e-01
1.095000e+01   1.196286e+00   1.262903e-02  -9.591673e-02   1.905121e-02   1.035715e+00   1.467216e-01
1.100000e+01   1.196756e+00   8.363724e-03  -9.504016e-02   1.607299e-02   1.043445e+00   1.508367e-01
1.105000e+01   1.197123e+00   6.066561e-03  -9.430943e-02   1.868576e-02   1.050798e+00   1.519382e-01
1.110000e+01   1.197363e+00   4.223585e-03  -9.317158e-02   1.716428e-02   1.058639e+00   1.533985e-01
1.115000e+01   1.197545e+00   3.372431e-03  -9.259300e-02   1.772694e-02   1.066138e+00   1.447654e-01
1.120000e+01   1.197700e+00   2.726316e-03  -9.139889e-02   2.574116e-02   1.073115e+00   1.366138e-01
1.125000e+01   1.197818e+00   4.887581e-03  -9.001888e-02   2.451591e-02   1.079799e+00   1.351404e-01
1.130000e+01   1.198189e+00   7.395744e-03  -8.894730e-02   2.501175e-02   1.086630e+00   1.423669e-01
1.135000e+01   1.198557e+00   1.117826e-02  -8.751771e-02   2.597608e-02   1.094036e+00   1.383030e-01
1.140000e+01   1.199306e+00   8.207560e-03  -8.634969e-02   2.307728e-02   1.100460e+00   1.309872e-01
1.145000e+01   1.199378e+00   5.689859e-03  -8.520998e-02   1.902580e-02   1.107135e+00   1.330435e-01
1.150000e+01   1.199875e+00   1.171589e-02  -8.444711e-02   1.570083e-02   1.113764e+00   1.325059e-01
1.155000e+01   1.200550e+00   1.174331e-02  -8.363990e-02   1.373246e-02   1.120385e+00   1.228511e-01
1.160000e+01   1.201050e+00   8.827448e-03  -8.307386e-02   1.210697e-02   1.126049e+00   1.124978e-01
1.165000e+01   1.201432e+00   9.698868e-03  -8.242920e-02   1.129307e-02   1.131635e+00   1.128721e-01
1.170000e+01   1.202020e+00   1.248002e-02  -8.194456e-02   1.033343e-02   1.137336e+00   1.126742e-01
1.175000e+01   1.202680e+00   1.340270e-02  -8.139586e-02   7.078350e-03   1.142903e+00   1.105964e-01
1.180000e+01   1.203360e+00   1.764297e-02  -8.123672e-02   4.367009e-03   1.148396e+00   1.090646e-01
1.185000e+01   1.204445e+00   2.366066e-02  -8.095916e-02   6.670579e-03   1.153809e+00   1.043761e-01
1.190000e+01   1.205726e+00   2.675176e-02  -8.056966e-02   8.948445e-03   1.158834e+00   1.005614e-01
1.195000e+01   1.207120e+00   2.442241e-02  -8.006431e-02   1.467295e-02   1.163865e+00   1.034558e-01
1.200000e+01   1.208168e+00   2.392769e-02  -7.910237e-02   1.815453e-02   1.169179e+00   1.004648e-01
1.205000e+01   1.209513e+00   3.254414e-02  -7.824886e-02   1.296908e-02   1.173912e+00   9.573936e-02
1.210000e+01   1.211423e+00   2.871394e-02  -7.780546e-02   8.383319e-03   1.178753e+00   1.050198e-01
1.215000e+01   1.212384e+00   2.233624e-02  -7.741053e-02   1.221053e-02   1.184414e+00   1.094103e-01
1.220000e+01   1.213656e+00   2.711058e-02  -7.658441e-02   1.542442e-02   1.189694e+00   9.925127e-02
1.225000e+01   1.215095e+00   2.639174e-02  -7.586809e-02   1.340680e-02   1.194339e+00   9.777427e-02
1.230000e+01   1.216295e+00   2.218723e-02  -7.524373e-02   1.554444e-02   1.199472e+00   9.698391e-02
1.235000e+01   1.217314e+00   2.595186e-02  -7.431364e-02   1.424931e-02   1.204037e+00   9.267211e-02
1.240000e+01   1.218891e+00   3.177524e-02  -7.381880e-02   8.731782e-03   1.208739e+00   8.872271e-02
1.245000e+01   1.220491e+00   3.190517e-02  -7.344046e-02   5.237684e-03   1.212909e+00   8.562207e-02
1.250000e+01   1.222081e+00   3.300190e-02  -7.329503e-02   5.151853e-03   1.217301e+00   8.607984e-02
1.255000e+01   1.223791e+00   3.639936e-02  -7.292528e-02   9.099022e-03   1.221517e+00   8.542418e-02
1.260000e+01   1.225721e+00   3.732085e-02  -7.238512e-02   1.110591e-02   1.225844e+00   8.424759e-02
1.265000e+01   1.227524e+00   3.417850e-02  -7.181469e-02   1.280591e-02   1.229942e+00   8.213758e-02
1.270000e+01   1.229139e+00   4.194498e-02  -7.110453e-02   1.424931e-02   1.234057e+00   8.629680e-02
1.275000e+01   1.231718e+00   4.959226e-02  -7.038976e-02   1.002163e-02   1.238572e+00   8.547902e-02
1.280000e+01   1.234098e+00   4.393578e-02  -7.010237e-02   1.134068e-02   1.242605e+00   7.636547e-02
1.285000e+01   1.236112e+00   4.432201e-02  -6.925569e-02   1.826137e-02   1.246208e+00   7.241011e-02
1.290000e+01   1.238530e+00   4.688621e-02  -6.827623e-02   1.775801e-02   1.249846e+00   7.039309e-02
1.295000e+01   1.240800e+00   4.560471e-02  -6.747989e-02   1.193546e-02   1.253248e+00   6.939530e-02
1.300000e+01   1.243091e+00   4.643083e-02  -6.708269e-02   1.360245e-02   1.256786e+00   7.225633e-02
1.305000e+01   1.245443e+00   4.895091e-02  -6.611964e-02   1.305901e-02   1.260473e+00   7.269740e-02
1.310000e+01   1.247986e+00   5.017161e-02  -6.577679e-02   8.521378e-03   1.264055e+00   7.114053e-02
1.315000e+01   1.250461e+00   5.384088e-02  -6.526750e-02   3.417879e-03   1.267587e+00   6.873488e-02
1.320000e+01   1.253370e+00   5.420327e-02  -6.543500e-02   7.616729e-03   1.270929e+00   6.822467e-02
1.325000e+01   1.255881e+00   4.939675e-02  -6.450583e-02   1.231283e-02   1.274410e+00   7.414937e-02
1.330000e+01   1.258310e+00   4.829168e-02  -6.420372e-02   4.639402e-03   1.278344e+00   7.647395e-02
1.335000e+01   1.260710e+00   4.584670e-02  -6.404189e-02   6.078780e-03   1.282057e+00   7.025719e-02
1.340000e+01   1.262894e+00   4.311919e-02  -6.359584e-02   1.095220e-02   1.285370e+00   6.519914e-02
1.345000e+01   1.265022e+00   3.915310e-02  -6.294667e-02   1.498371e-02   1.288577e+00   6.833673e-02
1.350000e+01   1.266810e+00   3.995419e-02  -6.209747e-02   7.771663e-03   1.292203e+00   7.560492e-02
1.355000e+01   1.269017e+00   3.831506e-02  -6.216950e-02   4.679300e-03   1.296138e+00   6.796837e-02
1.360000e+01   1.270641e+00   3.387451e-02  -6.162954e-02   7.852912e-03   1.299000e+00   6.263018e-02
1.365000e+01   1.272405e+00   2.827168e-02  -6.138421e-02   9.623803e-03   1.302401e+00   6.145954e-02
1.370000e+01   1.273468e+00   2.261519e-02  -6.066716e-02   1.953498e-02   1.305146e+00   4.342318e-02
1.375000e+01   1.274666e+00   3.514290e-02  -5.943071e-02   3.062066e-02   1.306743e+00   3.756166e-02
1.380000e+01   1.276983e+00   4.113078e-02  -5.760509e-02   2.515405e-02   1.308902e+00   3.676057e-02
1.385000e+01   1.278779e+00   4.039764e-02  -5.691531e-02   5.364567e-03   1.310419e+00   3.296852e-02
1.390000e+01   1.281022e+00   4.126549e-02  -5.706863e-02  -8.604191e-03   1.312199e+00   3.422976e-02
1.395000e+01   1.282906e+00   3.251553e-02  -5.777573e-02  -3.321320e-03   1.313842e+00   2.841234e-02
1.400000e+01   1.284274e+00   2.713680e-02  -5.740077e-02   8.184351e-03   1.315040e+00   2.143621e-02
1.405000e+01   1.285620e+00   3.344178e-02  -5.695729e-02   9.283684e-03   1.315986e+00   1.882076e-02
1.410000e+01   1.287618e+00   4.152536e-02  -5.647240e-02   1.109015e-02   1.316922e+00   1.917124e-02
1.415000e+01   1.289772e+00   4.331589e-02  -5.584828e-02   1.199782e-02   1.317903e+00   2.225757e-02
1.420000e+01   1.291950e+00   4.303098e-02  -5.527262e-02   1.406945e-02   1.319148e+00   2.937555e-02
1.425000e+01   1.294075e+00   4.969716e-02  -5.444133e-02   1.472704e-02   1.320840e+00   4.034519e-02
1.430000e+01   1.296919e+00   4.836321e-02  -5.379991e-02   1.214333e-02   1.323183e+00   5.081058e-02
1.435000e+01   1.298912e+00   4.778028e-02  -5.322700e-02   9.765998e-03   1.325921e+00   5.841851e-02
1.440000e+01   1.301697e+00   5.506516e-02  -5.282331e-02   1.494803e-02   1.329025e+00   6.408930e-02
1.445000e+01   1.304418e+00   4.964352e-02  -5.173220e-02   1.671184e-02   1.332330e+00   6.686091e-02
1.450000e+01   1.306662e+00   4.439950e-02  -5.115213e-02   7.203743e-03   1.335711e+00   7.444024e-02
1.455000e+01   1.308858e+00   4.103422e-02  -5.101182e-02   1.020145e-02   1.339774e+00   8.386493e-02
1.460000e+01   1.310765e+00   4.239082e-02  -5.013198e-02   1.098152e-02   1.344097e+00   8.684278e-02
1.465000e+01   1.313097e+00   4.378080e-02  -4.991367e-02   1.222923e-02   1.348459e+00   8.839488e-02
1.470000e+01   1.315143e+00   4.096389e-02  -4.890906e-02   1.621980e-02   1.352937e+00   8.498073e-02
1.475000e+01   1.317194e+00   3.944874e-02  -4.829169e-02   1.357049e-02   1.356957e+00   8.541107e-02
1.480000e+01   1.319088e+00   3.916740e-02  -4.755201e-02   1.110476e-02   1.361478e+00   9.875417e-02
1.485000e+01   1.321110e+00   3.848553e-02  -4.718122e-02   1.082975e-02   1.366832e+00   9.476900e-02
1.490000e+01   1.322937e+00   3.844261e-02  -4.646904e-02   1.604237e-02   1.370955e+00   8.542418e-02
1.495000e+01   1.324955e+00   4.049540e-02  -4.557698e-02   1.445632e-02   1.375375e+00   9.347796e-02
1.500000e+01   1.326986e+00   4.049540e-02  -4.502340e-02   1.445632e-02   1.380302e+00   9.347796e-02
