# problem = TPV205
# author = BradAagaard
# date = Fri Oct 30 16:30:00 2009
# code = EqSim
# code_version = 0.6.6
# element_size = 100m
# time_step =   5.000000E-02
# num_timesteps =      301
# location = 3.0 km off fault, -12.0 km along strike and 7.6 km depth
# Time series in 7 columns of E14.6:
# Column #1 = time (s)
# Column #2 = horizontal fault-parallel displacement (m)
# Column #3 = horizontal fault-parallel velocity (m/s)
# Column #4 = vertical displacement (m)
# Column #5 = vertical velocity (m/s)
# Column #6 = horizontal fault-normal displacement (m)
# Column #7 = horizontal fault-normal velocity (m/s)
#
# Data fields
#t h-disp h-vel v-disp v-vel n-disp n-vel
0.000000e+00   0.000000e+00   0.000000e+00  -0.000000e+00  -0.000000e+00  -0.000000e+00  -0.000000e+00
5.000000e-02   0.000000e+00   0.000000e+00  -0.000000e+00  -0.000000e+00  -0.000000e+00  -0.000000e+00
1.000000e-01   0.000000e+00   1.213715e-32  -0.000000e+00   3.942449e-33  -0.000000e+00   7.282953e-33
1.500000e-01   1.213715e-33  -2.316498e-25   3.942449e-34  -4.378288e-25   7.282953e-34  -6.116021e-25
2.000000e-01  -2.316498e-26   1.651150e-22  -4.378288e-26   5.120566e-22  -6.116021e-26   3.914148e-22
2.500000e-01   1.651150e-23   9.984418e-20   5.120566e-23  -5.778787e-20   3.914148e-23   1.783730e-19
3.000000e-01   9.984395e-21   6.970965e-18  -5.778831e-21   1.271364e-17   1.783724e-20   5.471949e-17
3.500000e-01   6.971130e-19   5.142660e-16   1.271415e-18   1.426765e-15   5.471988e-18   2.071454e-14
4.000000e-01   5.143659e-17  -4.363303e-14   1.426707e-16  -9.065379e-15   2.071472e-15   1.680657e-12
4.500000e-01  -4.362606e-15  -2.628220e-12  -9.052666e-16   9.322024e-13   1.680712e-13   2.383699e-11
5.000000e-01  -2.627706e-13  -2.818747e-11   9.336291e-14   1.475620e-11   2.385771e-12   3.479279e-11
5.500000e-01  -2.823110e-12  -3.979864e-11   1.474714e-12   8.970120e-12   3.647350e-12  -1.302772e-10
6.000000e-01  -4.242634e-12   2.905043e-11   9.903749e-13  -4.009618e-11  -1.064195e-11  -2.129322e-10
6.500000e-01   8.193348e-14   9.058528e-11  -2.534903e-12  -1.854306e-12  -1.764587e-11   2.976813e-10
7.000000e-01   4.815893e-12   3.707824e-10   8.049443e-13  -1.120007e-11   1.912617e-11   5.049383e-10
7.500000e-01   3.716017e-11   6.421992e-10  -3.654910e-12  -1.390285e-12   3.284795e-11  -2.021161e-11
8.000000e-01   6.903581e-11  -3.947950e-10   6.659158e-13   2.173377e-11   1.710501e-11  -3.749453e-10
8.500000e-01  -2.319328e-12  -3.956355e-09  -1.481533e-12  -3.880839e-10  -4.646574e-12   2.802746e-11
9.000000e-01  -3.265997e-10  -6.274084e-09  -3.814248e-11  -3.097037e-10   1.990776e-11   3.270077e-10
9.500000e-01  -6.297278e-10  -3.556994e-10  -3.245190e-11   5.223952e-10   2.805420e-11   2.818679e-10
1.000000e+00  -3.621696e-10   5.199415e-09   1.409704e-11   2.373252e-10   4.809455e-11   4.939281e-10
1.050000e+00  -1.097862e-10   9.329856e-10  -8.719378e-12  -2.259746e-10   7.744701e-11   9.609948e-11
1.100000e+00  -2.688711e-10   9.535545e-10  -8.500416e-12   3.128070e-10   5.770449e-11  -4.018461e-10
1.150000e+00  -1.443078e-11   3.582572e-09   2.256132e-11  -1.560291e-10   3.726239e-11  -6.036425e-10
1.200000e+00   8.938611e-11   7.785387e-10  -2.410333e-11  -3.675177e-10  -2.659762e-12   2.362648e-10
1.250000e+00   6.342309e-11   1.554207e-10  -1.419046e-11   3.846893e-10   6.088888e-11   5.669191e-11
1.300000e+00   1.049282e-10   9.138202e-10   1.436560e-11   7.249183e-11   3.009429e-12  -3.433486e-10
1.350000e+00   1.548051e-10  -6.535381e-10  -6.941272e-12   4.485472e-10   2.655402e-11   1.428875e-10
1.400000e+00   3.957438e-11   4.890969e-10   5.922032e-11   8.239646e-10   1.729818e-11  -2.313647e-10
1.450000e+00   2.037148e-10   9.443402e-10   7.545518e-11  -1.053894e-09   3.417544e-12   1.212490e-10
1.500000e+00   1.340084e-10   6.454871e-10  -4.616910e-11  -6.523141e-10   2.942309e-11  -3.029685e-10
1.550000e+00   2.682635e-10   7.376495e-10   1.022377e-11   5.025101e-10  -2.687931e-11  -3.887882e-10
1.600000e+00   2.077734e-10   9.849593e-11   4.081914e-12  -3.302777e-10  -9.455733e-12   4.523937e-10
1.650000e+00   2.781131e-10   1.039292e-08  -2.280400e-11   1.870951e-10   1.836006e-11  -1.843096e-09
1.700000e+00   1.247066e-09   2.729541e-07   2.279142e-11   3.131618e-09  -1.937653e-10  -6.496099e-08
1.750000e+00   2.757353e-08   4.007448e-06   2.903578e-10   1.047516e-08  -6.477739e-09  -9.517059e-07
1.800000e+00   4.019919e-07   3.231016e-05   1.070308e-09  -9.615811e-08  -9.536436e-08  -7.443637e-06
1.850000e+00   3.258589e-06   1.423481e-04  -9.325453e-09  -9.350998e-07  -7.508415e-07  -3.060597e-05
1.900000e+00   1.463680e-05   3.500662e-04  -9.243967e-08  -3.045891e-06  -3.155962e-06  -6.520013e-05
1.950000e+00   3.826521e-05   5.562053e-04  -3.139146e-07  -5.219863e-06  -7.270854e-06  -7.829760e-05
2.000000e+00   7.025733e-05   8.012101e-04  -6.144260e-07  -6.697533e-06  -1.098572e-05  -8.219340e-05
2.050000e+00   1.183862e-04   1.232257e-03  -9.836679e-07  -9.861034e-06  -1.549019e-05  -1.085329e-04
2.100000e+00   1.934831e-04   1.920802e-03  -1.600529e-06  -1.678784e-05  -2.183902e-05  -1.549543e-04
2.150000e+00   3.104664e-04   2.982260e-03  -2.662452e-06  -2.538539e-05  -3.098562e-05  -2.255909e-04
2.200000e+00   4.917091e-04   4.599230e-03  -4.139068e-06  -3.931349e-05  -4.439811e-05  -3.310091e-04
2.250000e+00   7.703894e-04   7.244498e-03  -6.593802e-06  -6.218255e-05  -6.408653e-05  -5.362818e-04
2.300000e+00   1.216159e-03   1.146295e-02  -1.035732e-05  -9.997582e-05  -9.802629e-05  -8.880835e-04
2.350000e+00   1.916684e-03   1.722688e-02  -1.659138e-05  -1.581978e-04  -1.528949e-04  -1.253380e-03
2.400000e+00   2.938847e-03   2.216207e-02  -2.617710e-05  -2.164555e-04  -2.233643e-04  -9.325542e-04
2.450000e+00   4.132891e-03   2.180512e-02  -3.823694e-05  -2.051600e-04  -2.461503e-04   1.014667e-03
2.500000e+00   5.119360e-03   1.881979e-02  -4.669311e-05  -1.674165e-04  -1.218976e-04   3.370687e-03
2.550000e+00   6.014870e-03   1.909594e-02  -5.497859e-05  -1.859799e-04   9.091837e-05   4.527844e-03
2.600000e+00   7.028954e-03   1.957777e-02  -6.529110e-05  -1.874627e-04   3.308868e-04   5.607319e-03
2.650000e+00   7.972647e-03   2.012732e-02  -7.372486e-05  -1.959355e-04   6.516502e-04   6.631549e-03
2.700000e+00   9.041686e-03   2.098946e-02  -8.488465e-05  -2.218885e-04   9.940417e-04   7.504029e-03
2.750000e+00   1.007159e-02   2.177908e-02  -9.591370e-05  -2.125317e-04   1.402053e-03   8.388224e-03
2.800000e+00   1.121959e-02   2.359776e-02  -1.061378e-04  -2.539726e-04   1.832864e-03   9.035339e-03
2.850000e+00   1.243137e-02   2.505020e-02  -1.213110e-04  -2.651671e-04   2.305587e-03   9.796942e-03
2.900000e+00   1.372461e-02   2.704185e-02  -1.326545e-04  -2.846264e-04   2.812558e-03   1.046415e-02
2.950000e+00   1.513555e-02   2.923869e-02  -1.497736e-04  -3.235508e-04   3.352002e-03   1.114464e-02
3.000000e+00   1.664848e-02   3.155508e-02  -1.650096e-04  -2.809848e-04   3.927023e-03   1.186705e-02
3.050000e+00   1.829106e-02   3.446491e-02  -1.778721e-04  -2.885523e-04   4.538707e-03   1.249582e-02
3.100000e+00   2.009497e-02   3.739657e-02  -1.938648e-04  -3.446186e-04   5.176605e-03   1.317086e-02
3.150000e+00   2.203072e-02   4.056292e-02  -2.123340e-04  -3.926482e-04   5.855794e-03   1.362345e-02
3.200000e+00   2.415127e-02   4.440224e-02  -2.331297e-04  -3.654705e-04   6.538949e-03   1.373999e-02
3.250000e+00   2.647094e-02   4.868818e-02  -2.488810e-04  -2.827428e-04   7.229793e-03   1.376451e-02
3.300000e+00   2.902008e-02   5.321914e-02  -2.614039e-04  -1.767886e-04   7.915401e-03   1.374437e-02
3.350000e+00   3.179286e-02   5.807484e-02  -2.665599e-04  -2.267855e-04   8.604229e-03   1.326480e-02
3.400000e+00   3.482757e-02   6.313562e-02  -2.840825e-04  -7.747702e-05   9.241881e-03   1.216004e-02
3.450000e+00   3.810642e-02   7.176731e-02  -2.743076e-04   9.225342e-04   9.820233e-03   9.313785e-03
3.500000e+00   4.200430e-02   8.849066e-02  -1.918291e-04   2.100707e-03   1.017326e-02   7.531326e-04
3.550000e+00   4.695548e-02   1.158446e-01  -6.423686e-05   1.343371e-03   9.895546e-03  -2.095684e-02
3.600000e+00   5.358876e-02   1.580918e-01  -5.749197e-05  -2.363243e-03   8.077575e-03  -6.816940e-02
3.650000e+00   6.276467e-02   2.131233e-01  -3.005612e-04  -5.767622e-03   3.078606e-03  -1.427043e-01
3.700000e+00   7.490109e-02   2.492125e-01  -6.342542e-04  -4.405088e-03  -6.192858e-03  -2.112508e-01
3.750000e+00   8.768592e-02   2.431021e-01  -7.410700e-04  -3.453175e-04  -1.804648e-02  -2.351404e-01
3.800000e+00   9.921130e-02   2.203737e-01  -6.687859e-04   4.876876e-04  -2.970690e-02  -2.209508e-01
3.850000e+00   1.097233e-01   2.169933e-01  -6.923013e-04  -1.549327e-03  -4.014155e-02  -2.058560e-01
3.900000e+00   1.209106e-01   2.307606e-01  -8.237187e-04  -1.983348e-03  -5.029249e-02  -2.028431e-01
3.950000e+00   1.327994e-01   2.476721e-01  -8.906361e-04  -7.706404e-03  -6.042586e-02  -2.110424e-01
4.000000e+00   1.456778e-01   2.805912e-01  -1.594359e-03   7.823077e-03  -7.139673e-02  -2.127271e-01
4.050000e+00   1.608585e-01   2.990884e-01  -1.083284e-04  -2.251356e-04  -8.169857e-02  -2.378844e-01
4.100000e+00   1.755867e-01   3.144903e-01  -1.616873e-03  -2.324956e-02  -9.518517e-02  -2.837384e-01
4.150000e+00   1.923075e-01   3.351298e-01  -2.433284e-03   1.489816e-02  -1.100724e-01  -3.266276e-01
4.200000e+00   2.090997e-01   3.423794e-01  -1.270569e-04   1.401321e-02  -1.278479e-01  -3.606469e-01
4.250000e+00   2.265455e-01   3.007960e-01  -1.031963e-03  -9.827185e-03  -1.461371e-01  -3.893004e-01
4.300000e+00   2.391793e-01   1.910520e-01  -1.109776e-03   1.034470e-02  -1.667780e-01  -4.208051e-01
4.350000e+00   2.456506e-01   9.117723e-02   2.507017e-06   2.916388e-02  -1.882176e-01  -4.100122e-01
4.400000e+00   2.482970e-01   5.136371e-02   1.806613e-03   2.779367e-02  -2.077792e-01  -3.579484e-01
4.450000e+00   2.507870e-01   7.688642e-02   2.781875e-03   1.427803e-02  -2.240124e-01  -2.986261e-01
4.500000e+00   2.559856e-01   1.238462e-01   3.234416e-03   3.669106e-03  -2.376418e-01  -2.546330e-01
4.550000e+00   2.631716e-01   1.497647e-01   3.148785e-03   3.026787e-03  -2.494757e-01  -2.268721e-01
4.600000e+00   2.709621e-01   1.661903e-01   3.537095e-03   8.553389e-03  -2.603290e-01  -2.095717e-01
4.650000e+00   2.797907e-01   1.818731e-01   4.004124e-03   9.000655e-03  -2.704329e-01  -1.899606e-01
4.700000e+00   2.891494e-01   1.921439e-01   4.437160e-03   1.066780e-02  -2.793251e-01  -1.701045e-01
4.750000e+00   2.990051e-01   2.017197e-01   5.070904e-03   9.944490e-03  -2.874434e-01  -1.484701e-01
4.800000e+00   3.093214e-01   2.096507e-01   5.431609e-03   6.923978e-03  -2.941721e-01  -1.306301e-01
4.850000e+00   3.199701e-01   2.172440e-01   5.763302e-03   6.890832e-03  -3.005064e-01  -1.142597e-01
4.900000e+00   3.310458e-01   2.235904e-01   6.120692e-03   8.764332e-03  -3.055981e-01  -9.727806e-02
4.950000e+00   3.423292e-01   2.322826e-01   6.639735e-03   8.221543e-03  -3.102342e-01  -8.231908e-02
5.000000e+00   3.542740e-01   2.412614e-01   6.942847e-03   9.031184e-03  -3.138300e-01  -6.898373e-02
5.050000e+00   3.664553e-01   2.501729e-01   7.542853e-03   1.012997e-02  -3.171326e-01  -5.767494e-02
5.100000e+00   3.792913e-01   2.615759e-01   7.955844e-03   9.816661e-03  -3.195975e-01  -4.720539e-02
5.150000e+00   3.926129e-01   2.687424e-01   8.524519e-03   1.207498e-02  -3.218531e-01  -3.844112e-02
5.200000e+00   4.061656e-01   2.784020e-01   9.163341e-03   1.338596e-02  -3.234416e-01  -3.037274e-02
5.250000e+00   4.204531e-01   2.891621e-01   9.863115e-03   1.403472e-02  -3.248904e-01  -2.324909e-02
5.300000e+00   4.350818e-01   2.966785e-01   1.056681e-02   1.656151e-02  -3.257665e-01  -1.936227e-02
5.350000e+00   4.501210e-01   3.034478e-01   1.151927e-02   1.795098e-02  -3.268266e-01  -1.511693e-02
5.400000e+00   4.654266e-01   3.130668e-01   1.236191e-02   1.655342e-02  -3.272782e-01  -1.035184e-02
5.450000e+00   4.814276e-01   3.212208e-01   1.317461e-02   1.739336e-02  -3.278618e-01  -6.602407e-03
5.500000e+00   4.975486e-01   3.272620e-01   1.410125e-02   1.730577e-02  -3.279384e-01  -3.717244e-03
5.550000e+00   5.141538e-01   3.360510e-01   1.490519e-02   1.437621e-02  -3.282335e-01  -4.983246e-03
5.600000e+00   5.311537e-01   3.441024e-01   1.553887e-02   6.458955e-03  -3.284367e-01  -5.339682e-03
5.650000e+00   5.485641e-01   3.541768e-01   1.555108e-02  -2.315268e-03  -3.287675e-01  -1.057327e-02
5.700000e+00   5.665714e-01   3.583986e-01   1.530734e-02  -2.147591e-02  -3.294941e-01  -2.014577e-02
5.750000e+00   5.844039e-01   3.650606e-01   1.340349e-02  -4.350149e-02  -3.307821e-01  -2.635658e-02
5.800000e+00   6.030775e-01   3.571355e-01   1.095719e-02  -4.319400e-02  -3.321297e-01  -2.278686e-02
5.850000e+00   6.201175e-01   3.278154e-01   9.084091e-03  -3.987160e-02  -3.330607e-01  -2.618909e-02
5.900000e+00   6.358590e-01   3.127754e-01   6.970034e-03  -4.381256e-02  -3.347486e-01  -5.714864e-02
5.950000e+00   6.513950e-01   2.967572e-01   4.702835e-03  -5.549933e-02  -3.387756e-01  -8.797824e-02
6.000000e+00   6.655347e-01   2.764171e-01   1.420100e-03  -6.360368e-02  -3.435465e-01  -1.068798e-01
6.050000e+00   6.790367e-01   2.677971e-01  -1.657534e-03  -6.783489e-02  -3.494636e-01  -1.286179e-01
6.100000e+00   6.923144e-01   2.678561e-01  -5.363389e-03  -7.602874e-02  -3.564082e-01  -1.448455e-01
6.150000e+00   7.058223e-01   2.652788e-01  -9.260409e-03  -8.118100e-02  -3.639481e-01  -1.612446e-01
6.200000e+00   7.188423e-01   2.643931e-01  -1.348149e-02  -8.555544e-02  -3.725327e-01  -1.820901e-01
6.250000e+00   7.322617e-01   2.693510e-01  -1.781595e-02  -9.294118e-02  -3.821571e-01  -2.042189e-01
6.300000e+00   7.457774e-01   2.612966e-01  -2.277561e-02  -9.247843e-02  -3.929546e-01  -2.178070e-01
6.350000e+00   7.583913e-01   2.363855e-01  -2.706380e-02  -7.917007e-02  -4.039378e-01  -2.143154e-01
6.400000e+00   7.694160e-01   2.123952e-01  -3.069261e-02  -7.250351e-02  -4.143861e-01  -1.977935e-01
6.450000e+00   7.796308e-01   2.073956e-01  -3.431415e-02  -6.904356e-02  -4.237172e-01  -1.863295e-01
6.500000e+00   7.901555e-01   2.063936e-01  -3.759697e-02  -6.779455e-02  -4.330191e-01  -1.870185e-01
6.550000e+00   8.002702e-01   2.021593e-01  -4.109360e-02  -6.814592e-02  -4.424191e-01  -1.916945e-01
6.600000e+00   8.103715e-01   2.057511e-01  -4.441156e-02  -6.179716e-02  -4.521885e-01  -1.968169e-01
6.650000e+00   8.208453e-01   2.119726e-01  -4.727332e-02  -5.568385e-02  -4.621007e-01  -2.035299e-01
6.700000e+00   8.315687e-01   2.016175e-01  -4.997995e-02  -5.808331e-02  -4.725415e-01  -2.161261e-01
6.750000e+00   8.410071e-01   1.908934e-01  -5.308165e-02  -5.670313e-02  -4.837134e-01  -2.284196e-01
6.800000e+00   8.506581e-01   1.998240e-01  -5.565026e-02  -4.923478e-02  -4.953835e-01  -2.356681e-01
6.850000e+00   8.609895e-01   2.013028e-01  -5.800513e-02  -5.076107e-02  -5.072802e-01  -2.555022e-01
6.900000e+00   8.707883e-01   1.692134e-01  -6.072637e-02  -5.130168e-02  -5.209337e-01  -2.967572e-01
6.950000e+00   8.779108e-01   1.271933e-01  -6.313530e-02  -5.088471e-02  -5.369559e-01  -3.357059e-01
7.000000e+00   8.835077e-01   9.467363e-02  -6.581484e-02  -6.698675e-02  -5.545043e-01  -3.052551e-01
7.050000e+00   8.873782e-01   8.574486e-02  -6.983397e-02  -6.928727e-02  -5.674814e-01  -2.385879e-01
7.100000e+00   8.920822e-01   9.105325e-02  -7.274356e-02  -5.095020e-02  -5.783631e-01  -2.039570e-01
7.150000e+00   8.964835e-01   8.955002e-02  -7.492899e-02  -3.670730e-02  -5.878771e-01  -1.697767e-01
7.200000e+00   9.010372e-01   9.765565e-02  -7.641429e-02  -1.479670e-02  -5.953407e-01  -1.431113e-01
7.250000e+00   9.062490e-01   1.047790e-01  -7.640866e-02   7.914305e-03  -6.021882e-01  -1.257402e-01
7.300000e+00   9.115151e-01   1.097983e-01  -7.562286e-02   1.743235e-02  -6.079147e-01  -1.024234e-01
7.350000e+00   9.172289e-01   1.091552e-01  -7.466543e-02   1.861013e-02  -6.124306e-01  -8.257389e-02
7.400000e+00   9.224306e-01   9.962440e-02  -7.376185e-02   2.173677e-02  -6.161721e-01  -6.887496e-02
7.450000e+00   9.271913e-01   9.871542e-02  -7.249175e-02   2.695829e-02  -6.193181e-01  -5.937517e-02
7.500000e+00   9.323021e-01   9.761155e-02  -7.106602e-02   2.557650e-02  -6.221097e-01  -5.277574e-02
7.550000e+00   9.369525e-01   9.211719e-02  -6.993410e-02   2.198890e-02  -6.245956e-01  -5.213201e-02
7.600000e+00   9.415138e-01   8.697212e-02  -6.886713e-02   1.965582e-02  -6.273229e-01  -4.718304e-02
7.650000e+00   9.456497e-01   8.364260e-02  -6.796852e-02   1.904830e-02  -6.293139e-01  -4.173994e-02
7.700000e+00   9.498781e-01   8.023322e-02  -6.696230e-02   1.819342e-02  -6.314968e-01  -3.993094e-02
7.750000e+00   9.536730e-01   7.795632e-02  -6.614918e-02   1.210153e-02  -6.333070e-01  -3.741980e-02
7.800000e+00   9.576737e-01   7.847667e-02  -6.575215e-02   6.641448e-03  -6.352388e-01  -3.505349e-02
7.850000e+00   9.615207e-01   6.802559e-02  -6.548503e-02   5.782470e-03  -6.368124e-01  -3.677428e-02
7.900000e+00   9.644763e-01   6.064117e-02  -6.517390e-02   6.121397e-03  -6.389163e-01  -3.948867e-02
7.950000e+00   9.675848e-01   5.991518e-02  -6.487289e-02  -5.484372e-04  -6.407613e-01  -3.717780e-02
8.000000e+00   9.704678e-01   5.377471e-02  -6.522875e-02  -3.394261e-03  -6.426340e-01  -4.341900e-02
8.050000e+00   9.729623e-01   4.571497e-02  -6.521232e-02  -1.074150e-03  -6.451032e-01  -4.918993e-02
8.100000e+00   9.750393e-01   3.905475e-02  -6.533616e-02  -1.341179e-03  -6.475530e-01  -5.520284e-02
8.150001e+00   9.768677e-01   3.901601e-02  -6.534643e-02  -2.525672e-03  -6.506234e-01  -6.355643e-02
8.200000e+00   9.789409e-01   3.786147e-02  -6.558873e-02  -2.551153e-03  -6.539087e-01  -6.730080e-02
8.250000e+00   9.806539e-01   3.800213e-02  -6.560155e-02  -4.374757e-03  -6.573535e-01  -7.102966e-02
8.300000e+00   9.827411e-01   3.904223e-02  -6.602620e-02  -9.355247e-03  -6.610116e-01  -8.074701e-02
8.350000e+00   9.845581e-01   3.228843e-02  -6.653707e-02  -4.750267e-03  -6.654282e-01  -8.447349e-02
8.400001e+00   9.859700e-01   2.063334e-02  -6.650123e-02   4.340336e-03  -6.694590e-01  -8.877158e-02
8.450000e+00   9.866214e-01   9.460449e-03  -6.610304e-02   1.661040e-02  -6.743054e-01  -1.011127e-01
8.500000e+00   9.869160e-01   7.498264e-03  -6.484019e-02   2.215095e-02  -6.795703e-01  -1.117957e-01
8.550000e+00   9.873713e-01   9.196401e-03  -6.388795e-02   1.731142e-02  -6.854849e-01  -1.106143e-01
8.600000e+00   9.878356e-01   2.131164e-02  -6.310905e-02   1.052663e-02  -6.906317e-01  -9.981036e-02
8.650001e+00   9.895024e-01   3.126740e-02  -6.283528e-02   2.061650e-03  -6.954660e-01  -9.332240e-02
8.700000e+00   9.909624e-01   3.275394e-02  -6.290288e-02  -8.966774e-04  -6.999639e-01  -8.751929e-02
8.750000e+00   9.927778e-01   3.671288e-02  -6.292495e-02  -3.061295e-03  -7.042179e-01  -8.495927e-02
8.800000e+00   9.946337e-01   4.068911e-02  -6.320901e-02  -6.406754e-03  -7.084599e-01  -8.522272e-02
8.850000e+00   9.968467e-01   4.440129e-02  -6.356563e-02  -7.908270e-03  -7.127402e-01  -8.748889e-02
8.900001e+00   9.990738e-01   4.779398e-02  -6.399984e-02  -1.011260e-02  -7.172087e-01  -8.657813e-02
8.950000e+00   1.001626e+00   5.252302e-02  -6.457689e-02  -1.419380e-02  -7.213980e-01  -8.505225e-02
9.000000e+00   1.004326e+00   5.322933e-02  -6.541922e-02  -1.662418e-02  -7.257140e-01  -8.754849e-02
9.050000e+00   1.006949e+00   5.492091e-02  -6.623930e-02  -1.688883e-02  -7.301528e-01  -8.564889e-02
9.100000e+00   1.009818e+00   5.546570e-02  -6.710810e-02  -1.665629e-02  -7.342789e-01  -8.387148e-02
9.150001e+00   1.012496e+00   5.400300e-02  -6.790493e-02  -1.926161e-02  -7.385400e-01  -7.942975e-02
9.200000e+00   1.015218e+00   5.570054e-02  -6.903426e-02  -1.974888e-02  -7.422218e-01  -7.645249e-02
9.250000e+00   1.018066e+00   6.114960e-02  -6.987982e-02  -2.003662e-02  -7.461852e-01  -7.891476e-02
9.300000e+00   1.021333e+00   6.359458e-02  -7.103793e-02  -2.149574e-02  -7.501133e-01  -7.932186e-02
9.350000e+00   1.024425e+00   5.898595e-02  -7.202940e-02  -2.168678e-02  -7.541174e-01  -7.898867e-02
9.400001e+00   1.027232e+00   5.539656e-02  -7.320660e-02  -2.300091e-02  -7.580122e-01  -8.066356e-02
9.450000e+00   1.029965e+00   5.758762e-02  -7.432949e-02  -2.506934e-02  -7.621838e-01  -8.261085e-02
9.500000e+00   1.032991e+00   5.957961e-02  -7.571354e-02  -3.107570e-02  -7.662733e-01  -7.788181e-02
9.550000e+00   1.035923e+00   5.454540e-02  -7.743706e-02  -2.837270e-02  -7.699720e-01  -7.443964e-02
9.600000e+00   1.038445e+00   4.906416e-02  -7.855081e-02  -2.596617e-02  -7.737172e-01  -7.088244e-02
9.650001e+00   1.040829e+00   4.594564e-02  -8.003367e-02  -3.053144e-02  -7.770602e-01  -6.892025e-02
9.700000e+00   1.043040e+00   4.471898e-02  -8.160395e-02  -3.437549e-02  -7.806093e-01  -6.981194e-02
9.750000e+00   1.045301e+00   4.549026e-02  -8.347122e-02  -3.380120e-02  -7.840414e-01  -6.827295e-02
9.800000e+00   1.047589e+00   5.020738e-02  -8.498407e-02  -3.214777e-02  -7.874365e-01  -7.171512e-02
9.850000e+00   1.050322e+00   4.849792e-02  -8.668600e-02  -3.506191e-02  -7.912129e-01  -7.297516e-02
9.900001e+00   1.052439e+00   4.905224e-02  -8.849026e-02  -3.408879e-02  -7.947341e-01  -7.478416e-02
9.950000e+00   1.055227e+00   5.535483e-02  -9.009488e-02  -3.629670e-02  -7.986913e-01  -7.873058e-02
1.000000e+01   1.057974e+00   5.785346e-02  -9.211993e-02  -4.303686e-02  -8.026071e-01  -7.896364e-02
1.005000e+01   1.061012e+00   6.073594e-02  -9.439857e-02  -4.276112e-02  -8.065877e-01  -8.221865e-02
1.010000e+01   1.064048e+00   5.567670e-02  -9.639604e-02  -3.739893e-02  -8.108290e-01  -7.986367e-02
1.015000e+01   1.066580e+00   5.581617e-02  -9.813846e-02  -3.767714e-02  -8.145741e-01  -7.616460e-02
1.020000e+01   1.069629e+00   5.724430e-02  -1.001638e-01  -4.164003e-02  -8.184454e-01  -7.226467e-02
1.025000e+01   1.072304e+00   5.617619e-02  -1.023025e-01  -3.869146e-02  -8.218005e-01  -6.840110e-02
1.030000e+01   1.075247e+00   5.843043e-02  -1.040329e-01  -3.154375e-02  -8.252856e-01  -6.895781e-02
1.035000e+01   1.078148e+00   5.553365e-02  -1.054568e-01  -2.780788e-02  -8.286963e-01  -6.731570e-02
1.040000e+01   1.080800e+00   5.173683e-02  -1.068137e-01  -2.564602e-02  -8.320171e-01  -6.862402e-02
1.045000e+01   1.083321e+00   3.929257e-02  -1.080214e-01  -1.543894e-02  -8.355587e-01  -6.551147e-02
1.050000e+01   1.084730e+00   2.235055e-02  -1.083576e-01  -1.054630e-03  -8.385683e-01  -5.562663e-02
1.055000e+01   1.085556e+00   1.809001e-02  -1.081269e-01   5.468205e-03  -8.411214e-01  -5.519450e-02
1.060000e+01   1.086539e+00   1.102448e-02  -1.078108e-01   6.131977e-03  -8.440877e-01  -6.020486e-02
1.065000e+01   1.086659e+00   3.904104e-03  -1.075137e-01   2.429783e-03  -8.471419e-01  -7.930338e-02
1.070000e+01   1.086929e+00   1.183748e-03  -1.075678e-01   1.127422e-03  -8.520181e-01  -1.006120e-01
1.075000e+01   1.086777e+00  -2.789497e-04  -1.074010e-01   2.560988e-03  -8.572031e-01  -1.018804e-01
1.080000e+01   1.086901e+00   4.273653e-03  -1.073117e-01  -1.238957e-03  -8.622061e-01  -9.883523e-02
1.085000e+01   1.087204e+00   5.251169e-03  -1.075249e-01  -2.662390e-03  -8.670866e-01  -9.169579e-02
1.090000e+01   1.087426e+00   2.907515e-03  -1.075779e-01  -2.161562e-03  -8.713757e-01  -8.062422e-02
1.095000e+01   1.087495e+00   1.682043e-03  -1.077410e-01  -3.346875e-03  -8.751490e-01  -7.807732e-02
1.100000e+01   1.087595e+00   8.074045e-03  -1.079126e-01  -1.831800e-03  -8.791834e-01  -8.256733e-02
1.105000e+01   1.088303e+00   1.358151e-02  -1.079242e-01  -7.605553e-04  -8.834057e-01  -8.010626e-02
1.110000e+01   1.088953e+00   7.605553e-03  -1.079887e-01  -2.306327e-03  -8.871940e-01  -7.739604e-02
1.115000e+01   1.089063e+00   6.831884e-03  -1.081548e-01  -5.247742e-03  -8.911453e-01  -8.098602e-02
1.120000e+01   1.089636e+00   1.163125e-02  -1.085134e-01  -1.175150e-02  -8.952926e-01  -8.265734e-02
1.125000e+01   1.090226e+00   9.258986e-03  -1.093300e-01  -1.404501e-02  -8.994111e-01  -8.157313e-02
1.130000e+01   1.090562e+00   6.213188e-03  -1.099179e-01  -9.986535e-03  -9.034500e-01  -8.370221e-02
1.135000e+01   1.090848e+00   6.067753e-04  -1.103286e-01  -1.134038e-02  -9.077813e-01  -8.183718e-02
1.140000e+01   1.090622e+00   2.505779e-03  -1.110520e-01  -1.220010e-02  -9.116337e-01  -8.090496e-02
1.145000e+01   1.091098e+00   7.916689e-03  -1.115486e-01  -1.208059e-02  -9.158718e-01  -8.006155e-02
1.150000e+01   1.091414e+00   2.781153e-03  -1.122600e-01  -1.408421e-02  -9.196398e-01  -7.746458e-02
1.155000e+01   1.091376e+00   4.361868e-03  -1.129571e-01  -1.034722e-02  -9.236183e-01  -7.746458e-02
1.160000e+01   1.091850e+00   5.296469e-03  -1.132948e-01  -8.982047e-03  -9.273863e-01  -7.490277e-02
1.165000e+01   1.091906e+00   4.972219e-03  -1.138553e-01  -1.149394e-02  -9.311085e-01  -7.481158e-02
1.170000e+01   1.092348e+00   2.737045e-03  -1.144442e-01  -1.051307e-02  -9.348674e-01  -7.262528e-02
1.175000e+01   1.092180e+00  -3.654957e-03  -1.149066e-01  -9.100735e-03  -9.383711e-01  -7.074893e-02
1.180000e+01   1.091982e+00   1.192093e-04  -1.153542e-01  -1.007184e-02  -9.419423e-01  -7.024109e-02
1.185000e+01   1.092192e+00   1.244545e-03  -1.159138e-01  -7.888004e-03  -9.453952e-01  -7.086456e-02
1.190000e+01   1.092106e+00  -1.988411e-03  -1.161430e-01  -4.974827e-03  -9.490288e-01  -6.998956e-02
1.195000e+01   1.091993e+00   1.480579e-03  -1.164112e-01  -4.826188e-03  -9.523941e-01  -6.553233e-02
1.200000e+01   1.092255e+00   1.177788e-03  -1.166257e-01  -7.096976e-03  -9.555820e-01  -6.756365e-02
1.205000e+01   1.092111e+00  -4.668236e-03  -1.171209e-01  -1.125410e-02  -9.591505e-01  -6.901622e-02
1.210000e+01   1.091788e+00  -3.783703e-03  -1.177511e-01  -1.289546e-02  -9.624836e-01  -6.280005e-02
1.215000e+01   1.091732e+00  -3.192425e-03  -1.184105e-01  -1.279071e-02  -9.654305e-01  -6.114841e-02
1.220000e+01   1.091468e+00  -1.507998e-03  -1.190301e-01  -1.275577e-02  -9.685985e-01  -6.413281e-02
1.225000e+01   1.091581e+00   1.896620e-03  -1.196861e-01  -1.298606e-02  -9.718438e-01  -6.669044e-02
1.230000e+01   1.091658e+00   9.655952e-05  -1.203287e-01  -1.613192e-02  -9.752675e-01  -6.657779e-02
1.235000e+01   1.091591e+00  -2.753735e-04  -1.212993e-01  -1.634091e-02  -9.785016e-01  -6.745636e-02
1.240000e+01   1.091631e+00   3.576279e-05  -1.219628e-01  -1.473024e-02  -9.820132e-01  -7.004559e-02
1.245000e+01   1.091595e+00   5.519390e-04  -1.227723e-01  -2.095319e-02  -9.855061e-01  -6.470084e-02
1.250000e+01   1.091686e+00   1.840591e-03  -1.240581e-01  -2.233833e-02  -9.884833e-01  -6.196141e-02
1.255000e+01   1.091779e+00   3.384352e-03  -1.250061e-01  -1.713015e-02  -9.917023e-01  -6.104589e-02
1.260000e+01   1.092024e+00   3.536940e-03  -1.257712e-01  -1.911491e-02  -9.945878e-01  -5.650282e-02
1.265000e+01   1.092132e+00   4.446507e-03  -1.269176e-01  -2.083659e-02  -9.973525e-01  -5.605996e-02
1.270000e+01   1.092469e+00   3.930330e-03  -1.278548e-01  -1.834884e-02  -1.000194e+00  -5.507886e-02
1.275000e+01   1.092525e+00   1.703501e-03  -1.287525e-01  -1.881987e-02  -1.002860e+00  -5.046129e-02
1.280000e+01   1.092639e+00   5.594492e-03  -1.297368e-01  -1.827672e-02  -1.005240e+00  -5.285978e-02
1.285000e+01   1.093085e+00   8.375645e-03  -1.305802e-01  -1.970261e-02  -1.008146e+00  -5.305886e-02
1.290000e+01   1.093477e+00   9.828806e-03  -1.317071e-01  -1.973510e-02  -1.010546e+00  -4.944205e-02
1.295000e+01   1.094068e+00   1.039028e-02  -1.325537e-01  -1.954824e-02  -1.013091e+00  -5.015492e-02
1.300000e+01   1.094516e+00   1.250267e-02  -1.336619e-01  -2.254844e-02  -1.015561e+00  -4.809260e-02
1.305000e+01   1.095318e+00   1.420498e-02  -1.348085e-01  -2.177268e-02  -1.017900e+00  -4.814267e-02
1.310000e+01   1.095936e+00   1.539230e-02  -1.358392e-01  -2.208188e-02  -1.020376e+00  -4.655719e-02
1.315000e+01   1.096857e+00   1.779556e-02  -1.370167e-01  -2.449572e-02  -1.022556e+00  -4.363179e-02
1.320000e+01   1.097716e+00   1.952291e-02  -1.382887e-01  -2.447769e-02  -1.024739e+00  -4.393458e-02
1.325000e+01   1.098809e+00   2.540708e-02  -1.394645e-01  -2.213567e-02  -1.026949e+00  -4.340649e-02
1.330000e+01   1.100257e+00   2.904892e-02  -1.405023e-01  -2.337039e-02  -1.029079e+00  -4.186630e-02
1.335000e+01   1.101714e+00   2.639532e-02  -1.418015e-01  -2.422690e-02  -1.031136e+00  -4.302025e-02
1.340000e+01   1.102896e+00   2.744317e-02  -1.429250e-01  -2.406478e-02  -1.033381e+00  -4.438639e-02
1.345000e+01   1.104459e+00   3.216147e-02  -1.442080e-01  -2.178088e-02  -1.035574e+00  -4.891276e-02
1.350000e+01   1.106112e+00   2.924204e-02  -1.451031e-01  -1.820102e-02  -1.038273e+00  -5.342364e-02
1.355000e+01   1.107383e+00   3.010631e-02  -1.460281e-01  -1.835242e-02  -1.040917e+00  -5.530953e-02
1.360000e+01   1.109123e+00   3.394842e-02  -1.469383e-01  -1.495630e-02  -1.043804e+00  -5.696297e-02
1.365000e+01   1.110778e+00   2.895713e-02  -1.475237e-01  -1.430616e-02  -1.046613e+00  -5.360603e-02
1.370000e+01   1.112019e+00   2.771974e-02  -1.483689e-01  -1.588702e-02  -1.049164e+00  -5.088806e-02
1.375000e+01   1.113550e+00   3.173709e-02  -1.491124e-01  -1.364321e-02  -1.051702e+00  -5.300283e-02
1.380000e+01   1.115192e+00   3.133416e-02  -1.497333e-01  -1.258507e-02  -1.054465e+00  -5.676031e-02
1.385000e+01   1.116683e+00   3.266335e-02  -1.503709e-01  -1.400441e-02  -1.057378e+00  -5.788326e-02
1.390000e+01   1.118459e+00   3.551364e-02  -1.511337e-01  -1.398921e-02  -1.060253e+00  -5.441904e-02
1.395000e+01   1.120234e+00   3.205419e-02  -1.517698e-01  -1.016617e-02  -1.062820e+00  -5.160928e-02
1.400000e+01   1.121664e+00   3.038764e-02  -1.521503e-01  -8.829981e-03  -1.065414e+00  -4.761457e-02
1.405000e+01   1.123273e+00   3.211617e-02  -1.526528e-01  -1.125187e-02  -1.067581e+00  -4.372239e-02
1.410000e+01   1.124876e+00   3.182411e-02  -1.532755e-01  -1.202554e-02  -1.069786e+00  -4.017472e-02
1.415000e+01   1.126456e+00   2.517581e-02  -1.538554e-01  -8.301884e-03  -1.071599e+00  -3.818989e-02
1.420000e+01   1.127393e+00   1.819968e-02  -1.541057e-01  -5.594343e-03  -1.073605e+00  -3.130794e-02
1.425000e+01   1.128276e+00   2.083659e-02  -1.544148e-01  -7.128567e-03  -1.074729e+00  -1.943350e-02
1.430000e+01   1.129477e+00   2.436638e-02  -1.548185e-01  -7.316917e-03  -1.075548e+00  -1.553893e-02
1.435000e+01   1.130712e+00   2.295494e-02  -1.551465e-01  -6.143749e-03  -1.076283e+00  -8.879900e-03
1.440000e+01   1.131772e+00   2.306581e-02  -1.554329e-01  -9.266585e-03  -1.076436e+00   1.951456e-03
1.445000e+01   1.133019e+00   2.589583e-02  -1.560732e-01  -1.119331e-02  -1.076088e+00   7.005930e-03
1.450000e+01   1.134362e+00   2.613902e-02  -1.565523e-01  -6.798953e-03  -1.075736e+00   8.567572e-03
1.455000e+01   1.135633e+00   3.215790e-02  -1.567531e-01  -7.343143e-03  -1.075231e+00   1.163483e-02
1.460000e+01   1.137578e+00   3.958941e-02  -1.572866e-01  -9.071082e-03  -1.074572e+00   1.127362e-02
1.465000e+01   1.139592e+00   3.800154e-02  -1.576602e-01  -7.474422e-03  -1.074104e+00   5.966425e-03
1.470000e+01   1.141378e+00   3.826976e-02  -1.580340e-01  -7.283837e-03  -1.073976e+00  -2.694130e-04
1.475000e+01   1.143419e+00   4.138827e-02  -1.583886e-01  -8.058995e-03  -1.074131e+00  -3.139973e-03
1.480000e+01   1.145517e+00   4.251838e-02  -1.588399e-01  -8.997023e-03  -1.074290e+00  -6.198883e-03
1.485000e+01   1.147671e+00   4.426479e-02  -1.592883e-01  -1.285315e-02  -1.074751e+00  -1.180410e-02
1.490000e+01   1.149943e+00   4.434466e-02  -1.601252e-01  -1.474813e-02  -1.075470e+00  -1.919031e-02
1.495000e+01   1.152105e+00   4.135013e-02  -1.607631e-01  -1.422137e-02  -1.076670e+00  -2.294660e-02
1.500000e+01   1.154078e+00   4.135013e-02  -1.615474e-01  -1.422137e-02  -1.077765e+00  -2.294660e-02
