# problem = TPV205
# author = BradAagaard
# date = Fri Oct 30 16:30:00 2009
# code = EqSim
# code_version = 0.6.6
# element_size = 100m
# time_step =   5.000000E-02
# num_timesteps =      301
# location = 3.0 km off fault, 12.0 km along strike and 7.6 km depth
# Time series in 7 columns of E14.6:
# Column #1 = time (s)
# Column #2 = horizontal fault-parallel displacement (m)
# Column #3 = horizontal fault-parallel velocity (m/s)
# Column #4 = vertical displacement (m)
# Column #5 = vertical velocity (m/s)
# Column #6 = horizontal fault-normal displacement (m)
# Column #7 = horizontal fault-normal velocity (m/s)
#
# Data fields
#t h-disp h-vel v-disp v-vel n-disp n-vel
0.000000e+00   0.000000e+00   0.000000e+00  -0.000000e+00  -0.000000e+00  -0.000000e+00  -0.000000e+00
5.000000e-02   0.000000e+00   0.000000e+00  -0.000000e+00  -0.000000e+00  -0.000000e+00  -0.000000e+00
1.000000e-01   0.000000e+00  -6.681306e-33  -0.000000e+00   5.722857e-33  -0.000000e+00  -7.597978e-33
1.500000e-01  -6.681306e-34  -5.877301e-26   5.722857e-34  -3.239470e-25  -7.597979e-34   3.014467e-25
2.000000e-01  -5.877301e-27   2.734314e-22  -3.239470e-26   1.516916e-22   3.014467e-26   2.131304e-22
2.500000e-01   2.734314e-23   5.023648e-21   1.516916e-23  -7.031756e-20   2.131304e-23  -1.588315e-19
3.000000e-01   5.023589e-22   6.082612e-18  -7.031788e-21   4.880361e-18  -1.588311e-20   1.900414e-17
3.500000e-01   6.082886e-19   3.087033e-16   4.880512e-19   4.128589e-17   1.900436e-18   1.611944e-14
4.000000e-01   3.087084e-17   3.456577e-14   4.121557e-18  -6.871819e-14   1.611928e-15   1.618475e-12
4.500000e-01   3.457186e-15  -4.059842e-14  -6.871331e-15  -8.547197e-13   1.618494e-13   2.709157e-11
5.000000e-01  -4.028971e-15  -9.326564e-12  -8.546785e-14   6.451288e-12   2.710769e-12   8.881094e-11
5.500000e-01  -9.291992e-13  -2.607493e-11   6.382575e-13  -4.614125e-12   9.042944e-12  -7.628757e-11
6.000000e-01  -2.611521e-12  -7.138952e-11  -5.468804e-13  -2.881227e-11  -4.917987e-12  -2.816673e-10
6.500000e-01  -8.068151e-12   2.381234e-11  -2.242969e-12   1.357958e-12  -1.912378e-11   1.772523e-10
7.000000e-01  -2.302878e-13   6.605560e-10  -4.110846e-13  -6.218463e-11   1.280724e-11   3.225701e-10
7.500000e-01   5.798744e-11   5.334133e-10  -8.461432e-12  -6.512989e-11   1.313323e-11  -3.823044e-10
8.000000e-01   5.311105e-11  -8.983881e-10  -6.924074e-12   5.466428e-11  -2.542319e-11  -3.845556e-10
8.500000e-01  -3.185138e-11  -4.054195e-09  -2.995004e-12  -2.953970e-10  -2.532234e-11  -1.719730e-10
9.000000e-01  -3.523084e-10  -5.930767e-09  -3.646377e-11  -2.432101e-10  -4.262049e-11  -3.382329e-10
9.500000e-01  -6.249281e-10   8.359199e-10  -2.731602e-11   6.036142e-10  -5.914563e-11   1.201689e-10
1.000000e+00  -2.687164e-10   4.700504e-09   2.389765e-11  -4.396532e-10  -3.060360e-11   6.418704e-10
1.050000e+00  -1.548777e-10  -3.643752e-12  -7.128134e-11  -4.339066e-10   5.041406e-12   8.826728e-11
1.100000e+00  -2.690808e-10   1.072178e-09  -1.949301e-11   8.277484e-10  -2.177687e-11   4.230712e-11
1.150000e+00  -4.765985e-11   3.819704e-09   1.149351e-11  -4.379434e-11   9.272118e-12  -8.349947e-10
1.200000e+00   1.128896e-10   9.771477e-10  -2.387244e-11  -3.384130e-10  -1.052763e-10  -6.609958e-10
1.250000e+00   5.005492e-11  -5.219294e-10  -2.234780e-11   6.911278e-10  -5.682746e-11   4.716718e-10
1.300000e+00   6.069666e-11   1.114102e-09   4.524034e-11   2.324540e-11  -5.810917e-11   6.233026e-10
1.350000e+00   1.614652e-10   9.812878e-10  -2.002326e-11  -1.740607e-10   5.502795e-12  -1.311846e-10
1.400000e+00   1.588255e-10   9.939015e-10   2.783427e-11  -1.280495e-10  -7.122763e-11  -3.477470e-11
1.450000e+00   2.608553e-10  -1.969713e-10  -3.282821e-11  -3.916263e-10   2.025325e-12   7.225850e-10
1.500000e+00   1.391283e-10   5.751874e-10  -1.132835e-11   4.612415e-10   1.030876e-12  -2.300485e-10
1.550000e+00   3.183740e-10   9.108795e-10   1.329594e-11   5.755720e-10  -2.097953e-11   3.436436e-10
1.600000e+00   2.302163e-10   5.682224e-10   4.622885e-11   3.378461e-10   3.539524e-11   5.908336e-10
1.650000e+00   3.751963e-10   8.392941e-09   4.708055e-11  -6.020859e-10   3.810384e-11   2.500600e-09
1.700000e+00   1.069510e-09   2.472704e-07  -1.397975e-11  -6.106088e-09   2.854552e-10   6.365745e-08
1.750000e+00   2.510224e-08   3.951393e-06  -5.635282e-10  -3.950981e-08   6.403849e-09   9.781620e-07
1.800000e+00   3.962087e-07   3.296852e-05  -3.964961e-09  -3.807349e-09   9.810165e-08   7.773361e-06
1.850000e+00   3.321954e-06   1.458423e-04  -9.442631e-10   8.148818e-07   7.837400e-07   3.161043e-05
1.900000e+00   1.498044e-05   3.553545e-04   7.752322e-08   2.813489e-06   3.259145e-06   6.571021e-05
1.950000e+00   3.885741e-05   5.587467e-04   2.804047e-07   4.311078e-06   7.354761e-06   7.743915e-05
2.000000e+00   7.085511e-05   8.039462e-04   5.086310e-07   5.959023e-06   1.100306e-05   8.217335e-05
2.050000e+00   1.192520e-04   1.249396e-03   8.763070e-07   9.818505e-06   1.557210e-05   1.109687e-04
2.100000e+00   1.957947e-04   1.939564e-03   1.490481e-06   1.466901e-05   2.209993e-05   1.567924e-04
2.150000e+00   3.132084e-04   3.004094e-03   2.343209e-06   2.279552e-05   3.125134e-05   2.273683e-04
2.200000e+00   4.962042e-04   4.646515e-03   3.770034e-06   3.495374e-05   4.483676e-05   3.369066e-04
2.250000e+00   7.778598e-04   7.318872e-03   5.838582e-06   5.667849e-05   6.494200e-05   5.465513e-04
2.300000e+00   1.228091e-03   1.157621e-02   9.437883e-06   9.401243e-05   9.949188e-05   9.010943e-04
2.350000e+00   1.935481e-03   1.730895e-02   1.523983e-05   1.517890e-04   1.550514e-04   1.244124e-03
2.400000e+00   2.958987e-03   2.201090e-02   2.461678e-05   2.076177e-04   2.239042e-04   8.486055e-04
2.450000e+00   4.136571e-03   2.152899e-02   3.600159e-05   1.918925e-04   2.399120e-04  -1.098572e-03
2.500000e+00   5.111886e-03   1.882689e-02   4.380603e-05   1.577452e-04   1.140471e-04  -3.310816e-03
2.550000e+00   6.019260e-03   1.913554e-02   5.177611e-05   1.936541e-04  -9.116964e-05  -4.501752e-03
2.600000e+00   7.025440e-03   1.963681e-02   6.317144e-05   2.040739e-04  -3.361282e-04  -5.589585e-03
2.650000e+00   7.982940e-03   2.021548e-02   7.218351e-05   2.028892e-04  -6.501281e-04  -6.579880e-03
2.700000e+00   9.046989e-03   2.095895e-02   8.346036e-05   1.923297e-04  -9.941162e-04  -7.532216e-03
2.750000e+00   1.007884e-02   2.185662e-02   9.141648e-05   2.017272e-04  -1.403350e-03  -8.367356e-03
2.800000e+00   1.123265e-02   2.367476e-02   1.036331e-04   2.207387e-04  -1.830852e-03  -9.028977e-03
2.850000e+00   1.244631e-02   2.515217e-02   1.134904e-04   2.294158e-04  -2.306247e-03  -9.805370e-03
2.900000e+00   1.374787e-02   2.706454e-02   1.265747e-04   2.570457e-04  -2.811389e-03  -1.048329e-02
2.950000e+00   1.515277e-02   2.934617e-02   1.391949e-04   3.375372e-04  -3.354576e-03  -1.114645e-02
3.000000e+00   1.668249e-02   3.173081e-02   1.603284e-04   3.295879e-04  -3.926034e-03  -1.184452e-02
3.050000e+00   1.832585e-02   3.440717e-02   1.721537e-04   2.933740e-04  -4.539029e-03  -1.260024e-02
3.100000e+00   2.012320e-02   3.704837e-02   1.896658e-04   3.438359e-04  -5.186058e-03  -1.332044e-02
3.150000e+00   2.203068e-02   4.056241e-02   2.065373e-04   3.844462e-04  -5.871072e-03  -1.364594e-02
3.200000e+00   2.417944e-02   4.462250e-02   2.281104e-04   4.003714e-04  -6.550652e-03  -1.373230e-02
3.250000e+00   2.649293e-02   4.849862e-02   2.465744e-04   3.549681e-04  -7.244302e-03  -1.380453e-02
3.300000e+00   2.902931e-02   5.290681e-02   2.636072e-04   2.754867e-04  -7.931105e-03  -1.376159e-02
3.350000e+00   3.178361e-02   5.768839e-02   2.741231e-04   2.242031e-04  -8.620461e-03  -1.339793e-02
3.400000e+00   3.479815e-02   6.281987e-02   2.860275e-04   1.496510e-04  -9.270898e-03  -1.233303e-02
3.450000e+00   3.806560e-02   6.737903e-02   2.890882e-04  -4.022801e-04  -9.853764e-03  -1.076967e-02
3.500000e+00   4.153605e-02   7.122234e-02   2.457995e-04  -1.201544e-03  -1.034786e-02  -8.028168e-03
3.550000e+00   4.518783e-02   7.216197e-02   1.689338e-04  -1.297568e-03  -1.065658e-02  -1.705904e-04
3.600000e+00   4.875224e-02   6.770365e-02   1.160427e-04  -1.250881e-04  -1.036492e-02   1.973470e-02
3.650000e+00   5.195820e-02   5.905010e-02   1.564250e-04   7.856620e-04  -8.683111e-03   5.290344e-02
3.700000e+00   5.465725e-02   5.103551e-02   1.946089e-04  -1.085185e-03  -5.074580e-03   8.684672e-02
3.750000e+00   5.706175e-02   4.744507e-02   4.790645e-05  -4.482226e-03   1.560847e-06   1.040364e-01
3.800000e+00   5.940176e-02   4.838288e-02  -2.536137e-04  -5.257766e-03   5.329062e-03   1.013156e-01
3.850000e+00   6.190004e-02   5.260129e-02  -4.778702e-04  -3.557312e-03   1.013313e-02   9.029653e-02
3.900000e+00   6.466189e-02   5.703989e-02  -6.093449e-04  -2.944332e-03   1.435872e-02   8.041368e-02
3.950000e+00   6.760403e-02   6.114595e-02  -7.723034e-04  -3.522926e-03   1.817449e-02   7.396906e-02
4.000000e+00   7.077648e-02   6.405488e-02  -9.616375e-04  -3.989904e-03   2.175562e-02   7.115580e-02
4.050000e+00   7.400952e-02   6.583944e-02  -1.171294e-03  -4.483588e-03   2.529007e-02   7.106882e-02
4.100000e+00   7.736043e-02   6.790437e-02  -1.409996e-03  -4.880711e-03   2.886250e-02   7.273318e-02
4.150000e+00   8.079995e-02   6.840304e-02  -1.659365e-03  -5.183122e-03   3.256339e-02   7.688068e-02
4.200000e+00   8.420073e-02   6.623261e-02  -1.928309e-03  -5.785644e-03   3.655057e-02   8.406609e-02
4.250000e+00   8.742321e-02   6.352507e-02  -2.237929e-03  -7.181002e-03   4.097000e-02   9.227786e-02
4.300000e+00   9.055324e-02   6.250285e-02  -2.646409e-03  -8.185380e-03   4.577836e-02   9.735100e-02
4.350000e+00   9.367350e-02   6.457120e-02  -3.056467e-03  -8.184604e-03   5.070510e-02   9.619106e-02
4.400000e+00   9.701036e-02   7.097445e-02  -3.464869e-03  -8.353644e-03   5.539746e-02   8.801706e-02
4.450000e+00   1.007709e-01   8.025683e-02  -3.891832e-03  -7.922989e-03   5.950681e-02   7.558305e-02
4.500000e+00   1.050360e-01   9.003796e-02  -4.257168e-03  -7.281313e-03   6.295577e-02   6.573264e-02
4.550000e+00   1.097747e-01   9.893961e-02  -4.619963e-03  -7.177647e-03   6.608007e-02   6.279767e-02
4.600000e+00   1.149300e-01   1.070080e-01  -4.974933e-03  -7.789657e-03   6.923553e-02   6.613351e-02
4.650000e+00   1.204755e-01   1.133195e-01  -5.398929e-03  -9.315573e-03   7.269342e-02   7.270396e-02
4.700000e+00   1.262619e-01   1.184127e-01  -5.906490e-03  -1.073136e-02   7.650593e-02   7.999569e-02
4.750000e+00   1.323168e-01   1.224980e-01  -6.472064e-03  -1.142394e-02   8.069299e-02   8.682244e-02
4.800000e+00   1.385117e-01   1.247582e-01  -7.048884e-03  -1.071402e-02   8.518817e-02   9.380758e-02
4.850000e+00   1.447926e-01   1.273216e-01  -7.543466e-03  -1.079736e-02   9.007375e-02   1.021949e-01
4.900000e+00   1.512439e-01   1.313052e-01  -8.128621e-03  -1.128261e-02   9.540766e-02   1.104908e-01
4.950000e+00   1.579231e-01   1.351812e-01  -8.671727e-03  -1.123636e-02   1.011228e-01   1.192356e-01
5.000000e+00   1.647620e-01   1.398245e-01  -9.252257e-03  -1.149540e-02   1.073312e-01   1.292394e-01
5.050000e+00   1.719056e-01   1.460002e-01  -9.821267e-03  -1.094324e-02   1.140468e-01   1.401672e-01
5.100000e+00   1.793621e-01   1.515822e-01  -1.034658e-02  -1.056540e-02   1.213479e-01   1.529460e-01
5.150000e+00   1.870638e-01   1.587240e-01  -1.087781e-02  -1.011505e-02   1.293414e-01   1.662580e-01
5.200000e+00   1.952345e-01   1.667544e-01  -1.135809e-02  -9.465432e-03   1.379737e-01   1.821920e-01
5.250000e+00   2.037393e-01   1.754163e-01  -1.182435e-02  -9.250790e-03   1.475606e-01   2.019536e-01
5.300000e+00   2.127761e-01   1.871333e-01  -1.228316e-02  -8.514216e-03   1.581691e-01   2.234276e-01
5.350000e+00   2.224526e-01   2.006909e-01  -1.267577e-02  -7.424532e-03   1.699033e-01   2.468589e-01
5.400000e+00   2.328452e-01   2.183801e-01  -1.302562e-02  -5.852804e-03   1.828550e-01   2.749847e-01
5.450000e+00   2.442906e-01   2.359927e-01  -1.326105e-02  -3.901338e-03   1.974018e-01   3.078867e-01
5.500000e+00   2.564445e-01   2.489546e-01  -1.341575e-02   5.444605e-04   2.136437e-01   3.406236e-01
5.550000e+00   2.691860e-01   2.514511e-01  -1.320661e-02   6.757230e-03   2.314641e-01   3.591986e-01
5.600000e+00   2.815896e-01   2.459654e-01  -1.274003e-02   1.638279e-02   2.495635e-01   3.661692e-01
5.650000e+00   2.937826e-01   2.490881e-01  -1.156833e-02   3.283000e-02   2.680811e-01   3.763951e-01
5.700000e+00   3.064984e-01   2.600065e-01  -9.457028e-03   5.409393e-02   2.872030e-01   3.790781e-01
5.750000e+00   3.197832e-01   2.615958e-01  -6.158933e-03   6.971997e-02   3.059889e-01   3.584385e-01
5.800000e+00   3.326580e-01   2.565640e-01  -2.485031e-03   7.095416e-02   3.230469e-01   3.176054e-01
5.850000e+00   3.454396e-01   2.724880e-01   9.364829e-04   6.381105e-02   3.377494e-01   2.596739e-01
5.900000e+00   3.599068e-01   3.332511e-01   3.896073e-03   5.509438e-02   3.490143e-01   1.648879e-01
5.950000e+00   3.787647e-01   4.183236e-01   6.445921e-03   4.914627e-02   3.542382e-01   5.086660e-02
6.000000e+00   4.017391e-01   4.436791e-01   8.810701e-03   5.513493e-02   3.541009e-01  -5.791485e-03
6.050000e+00   4.231327e-01   4.148629e-01   1.195941e-02   7.797617e-02   3.536591e-01  -3.421605e-03
6.100000e+00   4.432254e-01   4.006186e-01   1.660832e-02   8.528863e-02   3.537588e-01  -4.523993e-04
6.150000e+00   4.631945e-01   4.002047e-01   2.048828e-02   8.331709e-02   3.536138e-01  -2.269447e-03
6.200000e+00   4.832459e-01   4.029599e-01   2.494003e-02   8.687269e-02   3.535318e-01   9.948015e-04
6.250000e+00   5.034905e-01   4.082450e-01   2.917555e-02   8.419999e-02   3.537133e-01   2.235174e-03
6.300000e+00   5.240704e-01   4.101354e-01   3.336003e-02   8.219734e-02   3.537554e-01   2.496839e-03
6.350000e+00   5.445040e-01   4.177046e-01   3.739528e-02   7.745799e-02   3.539630e-01   5.017221e-03
6.400000e+00   5.658408e-01   4.349726e-01   4.110583e-02   7.651668e-02   3.542571e-01   7.989705e-03
6.450000e+00   5.880013e-01   4.445893e-01   4.504695e-02   6.853823e-02   3.547620e-01   1.200199e-02
6.500000e+00   6.102998e-01   4.453719e-01   4.795965e-02   5.828060e-02   3.554573e-01   1.551926e-02
6.550000e+00   6.325385e-01   4.396480e-01   5.087501e-02   5.223148e-02   3.563139e-01   2.537727e-02
6.600000e+00   6.542646e-01   4.414511e-01   5.318280e-02   4.708484e-02   3.579950e-01   3.814638e-02
6.650000e+00   6.766836e-01   4.483879e-01   5.558349e-02   4.194912e-02   3.601285e-01   4.479975e-02
6.700000e+00   6.991034e-01   4.459459e-01   5.737771e-02   3.755540e-02   3.624750e-01   5.911142e-02
6.750000e+00   7.212782e-01   4.393530e-01   5.933903e-02   3.198408e-02   3.660397e-01   8.023977e-02
6.800000e+00   7.430387e-01   4.115951e-01   6.057611e-02   2.288040e-02   3.704990e-01   1.110449e-01
6.850000e+00   7.624377e-01   3.728282e-01   6.162707e-02   1.097288e-02   3.771442e-01   1.545897e-01
6.900000e+00   7.803215e-01   3.331387e-01   6.167340e-02  -3.101602e-03   3.859579e-01   2.095893e-01
6.950000e+00   7.957516e-01   2.776760e-01   6.131691e-02  -8.195266e-04   3.981031e-01   2.734798e-01
7.000000e+00   8.080891e-01   2.288783e-01   6.159145e-02   1.020808e-02   4.133059e-01   3.106168e-01
7.050000e+00   8.186394e-01   1.931643e-01   6.233772e-02   3.026586e-02   4.291648e-01   2.803755e-01
7.100000e+00   8.274055e-01   1.850760e-01   6.461804e-02   3.800400e-02   4.413435e-01   2.090460e-01
7.150000e+00   8.371470e-01   2.161497e-01   6.613812e-02   2.443492e-03   4.500694e-01   1.911706e-01
7.200000e+00   8.490205e-01   2.299213e-01   6.486239e-02  -1.444936e-02   4.604605e-01   2.132246e-01
7.250000e+00   8.601391e-01   2.262008e-01   6.469318e-02  -2.366453e-03   4.713918e-01   2.148104e-01
7.300000e+00   8.716406e-01   2.039820e-01   6.462574e-02  -1.187436e-02   4.819416e-01   2.136630e-01
7.350000e+00   8.805373e-01   1.243967e-01   6.350575e-02  -2.199735e-02   4.927581e-01   1.933387e-01
7.400000e+00   8.840802e-01   4.804492e-02   6.242600e-02  -1.791872e-02   5.012754e-01   1.536790e-01
7.450000e+00   8.853418e-01   1.423657e-02   6.171387e-02  -1.431052e-02   5.081260e-01   1.225889e-01
7.500000e+00   8.855039e-01   1.225770e-02   6.099495e-02  -1.687184e-02   5.135343e-01   9.582579e-02
7.550000e+00   8.865676e-01   2.550066e-02   6.002669e-02  -1.465857e-02   5.177086e-01   8.337498e-02
7.600000e+00   8.880540e-01   3.948569e-02   5.952910e-02  -1.104601e-02   5.218718e-01   7.999599e-02
7.650000e+00   8.905162e-01   4.820943e-02   5.892209e-02  -9.068511e-03   5.257082e-01   7.593691e-02
7.700000e+00   8.928749e-01   4.882216e-02   5.862224e-02  -6.398596e-03   5.294655e-01   7.626057e-02
7.750000e+00   8.953984e-01   4.568458e-02   5.828223e-02  -1.138560e-03   5.333343e-01   7.679284e-02
7.800000e+00   8.974434e-01   4.330993e-02   5.850839e-02  -2.238601e-03   5.371448e-01   8.301914e-02
7.850000e+00   8.997294e-01   4.598498e-02   5.805837e-02  -5.958453e-03   5.416362e-01   9.075940e-02
7.900000e+00   9.020419e-01   4.098058e-02   5.791254e-02  -5.877875e-03   5.462207e-01   9.517133e-02
7.950000e+00   9.038274e-01   3.234863e-02   5.747058e-02  -7.515699e-03   5.511533e-01   9.708107e-02
8.000000e+00   9.052767e-01   2.561510e-02   5.716097e-02   1.481920e-04   5.559288e-01   9.726584e-02
8.050000e+00   9.063889e-01   2.784252e-02   5.748540e-02   4.346296e-04   5.608799e-01   9.985507e-02
8.100000e+00   9.080610e-01   2.344191e-02   5.720444e-02  -4.702993e-03   5.659143e-01   1.011509e-01
8.150001e+00   9.087331e-01   1.805723e-02   5.701510e-02  -1.106150e-03   5.709950e-01   9.954214e-02
8.200000e+00   9.098667e-01   2.214611e-02   5.709382e-02  -2.395809e-03   5.758685e-01   1.004916e-01
8.250000e+00   9.109477e-01   2.589881e-02   5.677552e-02  -1.430809e-03   5.810441e-01   1.048326e-01
8.300000e+00   9.124566e-01   3.081918e-02   5.695074e-02   4.004352e-03   5.863518e-01   1.021439e-01
8.350000e+00   9.140297e-01   3.168404e-02   5.717596e-02   9.423085e-03   5.912585e-01   9.945095e-02
8.400001e+00   9.156250e-01   3.222704e-02   5.789305e-02   9.106100e-03   5.962969e-01   1.017195e-01
8.450000e+00   9.172524e-01   3.011584e-02   5.808657e-02   7.885173e-03   6.014305e-01   9.817481e-02
8.500000e+00   9.186366e-01   3.445864e-02   5.868157e-02   8.281134e-03   6.061144e-01   9.568810e-02
8.550000e+00   9.206982e-01   3.848374e-02   5.891468e-02   4.643053e-03   6.109993e-01   9.824157e-02
8.600000e+00   9.224849e-01   3.618240e-02   5.914587e-02   2.403855e-03   6.159385e-01   1.007301e-01
8.650001e+00   9.243165e-01   4.236758e-02   5.915507e-02   2.388731e-03   6.210723e-01   1.010412e-01
8.700000e+00   9.267217e-01   4.718721e-02   5.938474e-02   4.338548e-03   6.260427e-01   9.915590e-02
8.750000e+00   9.290352e-01   5.081415e-02   5.958892e-02   8.235499e-03   6.309879e-01   9.684741e-02
8.800000e+00   9.318031e-01   5.608022e-02   6.020829e-02   1.276754e-02   6.357274e-01   9.624779e-02
8.850000e+00   9.346432e-01   5.856454e-02   6.086567e-02   1.410581e-02   6.406127e-01   9.718180e-02
8.900001e+00   9.376596e-01   5.929351e-02   6.161888e-02   1.426596e-02   6.454456e-01   1.008123e-01
8.950000e+00   9.405726e-01   6.188393e-02   6.229227e-02   1.586501e-02   6.506939e-01   1.004523e-01
9.000000e+00   9.438480e-01   6.354749e-02   6.320538e-02   1.915902e-02   6.554908e-01   9.443998e-02
9.050000e+00   9.469273e-01   6.147444e-02   6.420817e-02   2.193213e-02   6.601379e-01   9.467781e-02
9.100000e+00   9.499954e-01   6.311953e-02   6.539859e-02   2.702966e-02   6.649586e-01   9.439170e-02
9.150001e+00   9.532393e-01   6.460488e-02   6.691114e-02   3.123544e-02   6.695771e-01   9.495199e-02
9.200000e+00   9.564559e-01   6.279528e-02   6.852213e-02   2.953008e-02   6.744538e-01   9.473026e-02
9.250000e+00   9.595188e-01   6.506443e-02   6.986415e-02   3.050260e-02   6.790501e-01   9.818792e-02
9.300000e+00   9.629623e-01   7.227898e-02   7.157239e-02   3.468640e-02   6.842726e-01   1.009464e-01
9.350000e+00   9.667467e-01   7.851064e-02   7.333279e-02   3.329434e-02   6.891447e-01   9.704828e-02
9.400001e+00   9.708134e-01   8.034527e-02   7.490183e-02   3.202885e-02   6.939774e-01   9.147108e-02
9.450000e+00   9.747812e-01   7.759154e-02   7.653567e-02   2.943166e-02   6.982918e-01   8.718312e-02
9.500000e+00   9.785725e-01   7.168770e-02   7.784499e-02   3.199741e-02   7.026957e-01   8.444965e-02
9.550000e+00   9.819500e-01   6.509185e-02   7.973541e-02   3.376372e-02   7.067368e-01   7.918179e-02
9.600000e+00   9.850817e-01   5.860984e-02   8.122136e-02   3.260091e-02   7.106139e-01   7.621109e-02
9.650001e+00   9.878110e-01   5.078197e-02   8.299550e-02   3.543846e-02   7.143579e-01   7.038891e-02
9.700000e+00   9.901599e-01   4.088581e-02   8.476521e-02   3.491737e-02   7.176528e-01   6.840289e-02
9.750000e+00   9.918995e-01   2.768099e-02   8.648724e-02   3.475517e-02   7.211982e-01   7.072628e-02
9.800000e+00   9.929280e-01   2.150059e-02   8.824073e-02   3.611386e-02   7.247254e-01   7.091045e-02
9.850000e+00   9.940496e-01   1.823545e-02   9.009863e-02   3.486104e-02   7.282892e-01   7.180035e-02
9.900001e+00   9.947516e-01   1.394093e-02   9.172683e-02   3.240488e-02   7.319055e-01   7.452309e-02
9.950000e+00   9.954437e-01   1.454651e-02   9.333912e-02   3.417075e-02   7.357416e-01   7.685721e-02
1.000000e+01   9.962062e-01   1.303315e-02   9.514391e-02   3.782891e-02   7.395912e-01   7.716894e-02
1.005000e+01   9.967470e-01   9.709597e-03   9.712201e-02   3.714211e-02   7.434584e-01   7.412255e-02
1.010000e+01   9.971772e-01   6.486773e-03   9.885812e-02   3.174342e-02   7.470034e-01   7.040799e-02
1.015000e+01   9.973957e-01   2.876520e-03   1.002963e-01   3.175251e-02   7.504992e-01   6.470084e-02
1.020000e+01   9.974648e-01  -7.033348e-05   1.020334e-01   3.580920e-02   7.534735e-01   6.416738e-02
1.025000e+01   9.973887e-01   4.492402e-03   1.038773e-01   3.204145e-02   7.569160e-01   7.456124e-02
1.030000e+01   9.979141e-01   9.015799e-03   1.052375e-01   2.637871e-02   7.609296e-01   8.527458e-02
1.035000e+01   9.982902e-01   5.753636e-03   1.065151e-01   2.665848e-02   7.654434e-01   9.205818e-02
1.040000e+01   9.984894e-01   2.697706e-03   1.079034e-01   2.652168e-02   7.701355e-01   9.526432e-02
1.045000e+01   9.985600e-01  -2.528429e-03   1.091673e-01   2.398863e-02   7.749699e-01   9.540915e-02
1.050000e+01   9.982366e-01  -7.075071e-03   1.103022e-01   2.257198e-02   7.796764e-01   9.604692e-02
1.055000e+01   9.978525e-01  -6.253123e-03   1.114245e-01   2.273351e-02   7.845746e-01   1.015460e-01
1.060000e+01   9.976113e-01  -7.222295e-03   1.125756e-01   1.816601e-02   7.898310e-01   1.042342e-01
1.065000e+01   9.971303e-01  -1.253664e-02   1.132411e-01   1.193106e-02   7.949980e-01   1.025653e-01
1.070000e+01   9.963576e-01  -1.513064e-02   1.137687e-01   8.844212e-03   8.000875e-01   9.841263e-02
1.075000e+01   9.956172e-01  -1.686931e-02   1.141255e-01   2.492219e-04   8.048393e-01   8.630216e-02
1.080000e+01   9.946707e-01  -2.378285e-02   1.137936e-01  -8.776784e-04   8.087177e-01   7.382035e-02
1.085000e+01   9.932389e-01  -2.511024e-02   1.140378e-01   2.882332e-03   8.122213e-01   6.337583e-02
1.090000e+01   9.921597e-01  -1.821578e-02   1.140818e-01  -1.787096e-03   8.150553e-01   6.536186e-02
1.095000e+01   9.914173e-01  -1.125872e-02   1.138590e-01  -4.506931e-03   8.187575e-01   7.327795e-02
1.100000e+01   9.910338e-01  -6.392598e-03   1.136311e-01  -3.469810e-03   8.223831e-01   7.115364e-02
1.105000e+01   9.907781e-01  -9.900331e-04   1.135121e-01  -3.248528e-03   8.258728e-01   7.201195e-02
1.110000e+01   9.909348e-01   2.670288e-03   1.133063e-01  -1.765043e-03   8.295843e-01   6.908238e-02
1.115000e+01   9.910451e-01   3.827810e-03   1.133356e-01   2.409890e-03   8.327811e-01   6.614983e-02
1.120000e+01   9.913176e-01   9.537935e-03   1.135473e-01   6.594509e-03   8.361993e-01   6.685376e-02
1.125000e+01   9.919989e-01   1.392484e-02   1.139950e-01   8.727238e-03   8.394665e-01   6.539881e-02
1.130000e+01   9.927101e-01   1.348853e-02   1.144200e-01   5.147681e-03   8.427392e-01   6.461143e-02
1.135000e+01   9.933478e-01   1.323700e-02   1.145098e-01   5.353913e-03   8.459276e-01   6.598532e-02
1.140000e+01   9.940338e-01   1.834571e-02   1.149554e-01   6.740913e-03   8.493377e-01   6.663442e-02
1.145000e+01   9.951823e-01   1.654625e-02   1.151839e-01   6.030500e-03   8.525910e-01   6.697357e-02
1.150000e+01   9.956884e-01   1.582980e-02   1.155584e-01   7.870942e-03   8.560351e-01   6.742060e-02
1.155000e+01   9.967653e-01   2.055049e-02   1.159710e-01   6.300509e-03   8.593331e-01   6.387711e-02
1.160000e+01   9.977434e-01   1.427889e-02   1.161885e-01   6.447807e-03   8.624228e-01   6.437838e-02
1.165000e+01   9.981932e-01   1.533091e-02   1.166157e-01   1.046397e-02   8.657709e-01   6.520033e-02
1.170000e+01   9.992765e-01   1.545846e-02   1.172349e-01   1.000017e-02   8.689428e-01   6.508648e-02
1.175000e+01   9.997391e-01   1.026154e-02   1.176158e-01   1.063280e-02   8.722796e-01   6.942689e-02
1.180000e+01   1.000303e+00   7.660389e-03   1.182982e-01   1.132756e-02   8.758855e-01   6.903827e-02
1.185000e+01   1.000505e+00   4.811287e-03   1.187485e-01   9.343177e-03   8.791834e-01   6.432950e-02
1.190000e+01   1.000784e+00   7.649660e-03   1.192325e-01   9.730607e-03   8.823184e-01   6.029963e-02
1.195000e+01   1.001270e+00   5.366802e-03   1.197216e-01   1.066290e-02   8.852134e-01   5.428731e-02
1.200000e+01   1.001320e+00   2.533197e-03   1.202988e-01   1.048453e-02   8.877472e-01   5.512297e-02
1.205000e+01   1.001523e+00   1.245737e-03   1.207700e-01   1.156263e-02   8.907257e-01   6.294131e-02
1.210000e+01   1.001445e+00  -9.906292e-04   1.214550e-01   1.411013e-02   8.940413e-01   6.448269e-02
1.215000e+01   1.001424e+00   1.205206e-03   1.221811e-01   1.476973e-02   8.971739e-01   6.430268e-02
1.220000e+01   1.001566e+00   4.241467e-03   1.229320e-01   1.063228e-02   9.004716e-01   6.995142e-02
1.225000e+01   1.001848e+00   6.768703e-03   1.232443e-01   8.735955e-03   9.041691e-01   7.269025e-02
1.230000e+01   1.002242e+00   9.121895e-03   1.238056e-01   1.216494e-02   9.077406e-01   6.994843e-02
1.235000e+01   1.002761e+00   1.296759e-02   1.244608e-01   1.180336e-02   9.111639e-01   7.217765e-02
1.240000e+01   1.003539e+00   1.263618e-02   1.249859e-01   1.364246e-02   9.149584e-01   7.417917e-02
1.245000e+01   1.004024e+00   1.142979e-02   1.258250e-01   1.264662e-02   9.185818e-01   7.271171e-02
1.250000e+01   1.004682e+00   1.544952e-02   1.262506e-01   9.583682e-03   9.222295e-01   6.984055e-02
1.255000e+01   1.005569e+00   1.432180e-02   1.267834e-01   1.330942e-02   9.255659e-01   6.633222e-02
1.260000e+01   1.006114e+00   1.236796e-02   1.275816e-01   1.227334e-02   9.288628e-01   6.702185e-02
1.265000e+01   1.006806e+00   1.468778e-02   1.280107e-01   9.887218e-03   9.322681e-01   6.437719e-02
1.270000e+01   1.007583e+00   1.391172e-02   1.285703e-01   1.302704e-02   9.353005e-01   6.033182e-02
1.275000e+01   1.008197e+00   1.359463e-02   1.293134e-01   1.430124e-02   9.383013e-01   6.066620e-02
1.280000e+01   1.008943e+00   1.606941e-02   1.300004e-01   1.369268e-02   9.413671e-01   5.913734e-02
1.285000e+01   1.009804e+00   1.966834e-02   1.306827e-01   1.471460e-02   9.442150e-01   5.664885e-02
1.290000e+01   1.010909e+00   2.122045e-02   1.314719e-01   1.538619e-02   9.470320e-01   5.608857e-02
1.295000e+01   1.011926e+00   2.083659e-02   1.322213e-01   1.618356e-02   9.498239e-01   5.426288e-02
1.300000e+01   1.012993e+00   2.396703e-02   1.330902e-01   1.766935e-02   9.524583e-01   4.858851e-02
1.305000e+01   1.014323e+00   2.759695e-02   1.339882e-01   1.577213e-02   9.546827e-01   4.736423e-02
1.310000e+01   1.015753e+00   2.686262e-02   1.346674e-01   1.581967e-02   9.571947e-01   4.857004e-02
1.315000e+01   1.017009e+00   2.713561e-02   1.355702e-01   1.893267e-02   9.595397e-01   4.476488e-02
1.320000e+01   1.018466e+00   2.918482e-02   1.365607e-01   1.991898e-02   9.616712e-01   4.166842e-02
1.325000e+01   1.019928e+00   2.846599e-02   1.375621e-01   1.940519e-02   9.637066e-01   3.652394e-02
1.330000e+01   1.021313e+00   3.166080e-02   1.385012e-01   1.974866e-02   9.653236e-01   3.116131e-02
1.335000e+01   1.023094e+00   3.460765e-02   1.395370e-01   2.075389e-02   9.668227e-01   2.914310e-02
1.340000e+01   1.024774e+00   3.345609e-02   1.405766e-01   2.234608e-02   9.682379e-01   2.742290e-02
1.345000e+01   1.026439e+00   3.296494e-02   1.417716e-01   2.166569e-02   9.695650e-01   2.501488e-02
1.350000e+01   1.028070e+00   3.170013e-02   1.427432e-01   1.908645e-02   9.707394e-01   2.394795e-02
1.355000e+01   1.029609e+00   2.794385e-02   1.436802e-01   1.923248e-02   9.719598e-01   2.056897e-02
1.360000e+01   1.030865e+00   2.598882e-02   1.446664e-01   1.867592e-02   9.727963e-01   1.656950e-02
1.365000e+01   1.032208e+00   2.915502e-02   1.455478e-01   1.914725e-02   9.736167e-01   1.325727e-02
1.370000e+01   1.033780e+00   3.012180e-02   1.465811e-01   1.946360e-02   9.741220e-01   1.190960e-02
1.375000e+01   1.035220e+00   2.897143e-02   1.474942e-01   1.764372e-02   9.748077e-01   1.620173e-02
1.380000e+01   1.036677e+00   3.300667e-02   1.483455e-01   1.655504e-02   9.757422e-01   1.930475e-02
1.385000e+01   1.038521e+00   3.858566e-02   1.491497e-01   1.813978e-02   9.767382e-01   1.735687e-02
1.390000e+01   1.040536e+00   4.113793e-02   1.501595e-01   1.742780e-02   9.774778e-01   1.658678e-02
1.395000e+01   1.042635e+00   4.009485e-02   1.508925e-01   1.460344e-02   9.783968e-01   1.531541e-02
1.400000e+01   1.044545e+00   4.068971e-02   1.516198e-01   1.156971e-02   9.790094e-01   1.396477e-02
1.405000e+01   1.046704e+00   3.892303e-02   1.520494e-01   7.300377e-03   9.797933e-01   1.792669e-02
1.410000e+01   1.048438e+00   3.605843e-02   1.523499e-01   6.297082e-03   9.808021e-01   2.213836e-02
1.415000e+01   1.050310e+00   3.427744e-02   1.526791e-01   5.580634e-03   9.820071e-01   2.359271e-02
1.420000e+01   1.051865e+00   3.279805e-02   1.529079e-01   3.181845e-03   9.831613e-01   2.296150e-02
1.425000e+01   1.053589e+00   3.596783e-02   1.529973e-01   1.797527e-03   9.843033e-01   2.311289e-02
1.430000e+01   1.055462e+00   3.512263e-02   1.530877e-01   3.544241e-03   9.854726e-01   2.168119e-02
1.435000e+01   1.057102e+00   3.612280e-02   1.533518e-01   3.159642e-03   9.864714e-01   1.993716e-02
1.440000e+01   1.059074e+00   3.584504e-02   1.534037e-01   1.633167e-03   9.874663e-01   2.113640e-02
1.445000e+01   1.060686e+00   3.324866e-02   1.535151e-01   4.087389e-03   9.885851e-01   2.215147e-02
1.450000e+01   1.062399e+00   3.708124e-02   1.538124e-01   6.958395e-03   9.896815e-01   2.336383e-02
1.455000e+01   1.064394e+00   3.920674e-02   1.542109e-01   6.556660e-03   9.909214e-01   2.333403e-02
1.460000e+01   1.066320e+00   3.917813e-02   1.544681e-01   7.421672e-03   9.920149e-01   2.211332e-02
1.465000e+01   1.068312e+00   3.837466e-02   1.549531e-01   1.012579e-02   9.931328e-01   2.584994e-02
1.470000e+01   1.070157e+00   3.693938e-02   1.554806e-01   8.903593e-03   9.945999e-01   3.290236e-02
1.475000e+01   1.072006e+00   3.736973e-02   1.558434e-01   1.057297e-02   9.964230e-01   3.486514e-02
1.480000e+01   1.073894e+00   3.759384e-02   1.565379e-01   1.192063e-02   9.980864e-01   3.462255e-02
1.485000e+01   1.075765e+00   3.441572e-02   1.570355e-01   1.208425e-02   9.998853e-01   3.928125e-02
1.490000e+01   1.077336e+00   3.447413e-02   1.577464e-01   1.181185e-02   1.002015e+00   4.287779e-02
1.495000e+01   1.079213e+00   3.414392e-02   1.582167e-01   1.245543e-02   1.004173e+00   4.313231e-02
1.500000e+01   1.080750e+00   3.414392e-02   1.589919e-01   1.245543e-02   1.006328e+00   4.313231e-02
