# Time-series file. Body: 3.000000, Strike: -12.000000, Dip: 7.500000
# This is the file header:
# problem=TPV205
# author=D. Roten
# date=Tue Nov 17 12:01:58 2009
# code=FD3D-SGSN
# code_version=2.4.6_ETH with cohesion
# element_size=100 m
# time_step=0.016000
# num_time_step=12000.000000
# Column #1 = Time (s)
# Column #2 = horizontal displacement (m)
# Column #3 = horizontal velocity (m/s)
# Column #4 = vertical displacement (m)
# Column #5 = vertical velocity (m/s)
# Column #6 = normal displacement (m)
# Column #7 = normal velocity (m/s)
# The line below lists the names of the data fields.
#t  h-disp  h-vel  v-disp  v-vel  n-disp  n-vel
0.000000e+00 0.000000e+00 0.000000e+00 -0.000000e+00 -0.000000e+00 0.000000e+00 0.000000e+00
1.600000e-02 0.000000e+00 0.000000e+00 -0.000000e+00 -0.000000e+00 0.000000e+00 0.000000e+00
3.200000e-02 0.000000e+00 0.000000e+00 -0.000000e+00 -0.000000e+00 0.000000e+00 0.000000e+00
4.800000e-02 0.000000e+00 0.000000e+00 -0.000000e+00 -0.000000e+00 0.000000e+00 0.000000e+00
6.400000e-02 0.000000e+00 0.000000e+00 -0.000000e+00 -0.000000e+00 0.000000e+00 0.000000e+00
8.000000e-02 0.000000e+00 0.000000e+00 -0.000000e+00 -0.000000e+00 0.000000e+00 0.000000e+00
9.600000e-02 0.000000e+00 0.000000e+00 -0.000000e+00 -0.000000e+00 0.000000e+00 0.000000e+00
1.120000e-01 0.000000e+00 0.000000e+00 -0.000000e+00 -0.000000e+00 0.000000e+00 0.000000e+00
1.280000e-01 0.000000e+00 0.000000e+00 -0.000000e+00 -0.000000e+00 0.000000e+00 0.000000e+00
1.440000e-01 0.000000e+00 0.000000e+00 -0.000000e+00 -0.000000e+00 0.000000e+00 0.000000e+00
1.600000e-01 0.000000e+00 0.000000e+00 -0.000000e+00 -0.000000e+00 0.000000e+00 0.000000e+00
1.760000e-01 0.000000e+00 0.000000e+00 -0.000000e+00 -0.000000e+00 0.000000e+00 0.000000e+00
1.920000e-01 0.000000e+00 0.000000e+00 -0.000000e+00 -0.000000e+00 0.000000e+00 0.000000e+00
2.080000e-01 0.000000e+00 0.000000e+00 -0.000000e+00 -0.000000e+00 0.000000e+00 0.000000e+00
2.240000e-01 0.000000e+00 0.000000e+00 -0.000000e+00 -0.000000e+00 0.000000e+00 0.000000e+00
2.400000e-01 0.000000e+00 0.000000e+00 -0.000000e+00 -0.000000e+00 0.000000e+00 0.000000e+00
2.560000e-01 0.000000e+00 0.000000e+00 -0.000000e+00 -0.000000e+00 0.000000e+00 0.000000e+00
2.720000e-01 0.000000e+00 0.000000e+00 -0.000000e+00 -0.000000e+00 0.000000e+00 0.000000e+00
2.880000e-01 0.000000e+00 0.000000e+00 -0.000000e+00 -0.000000e+00 0.000000e+00 0.000000e+00
3.040000e-01 0.000000e+00 0.000000e+00 -0.000000e+00 -0.000000e+00 0.000000e+00 0.000000e+00
3.200000e-01 0.000000e+00 0.000000e+00 -0.000000e+00 -0.000000e+00 0.000000e+00 0.000000e+00
3.360000e-01 0.000000e+00 0.000000e+00 -0.000000e+00 -0.000000e+00 0.000000e+00 0.000000e+00
3.520000e-01 0.000000e+00 0.000000e+00 -0.000000e+00 -0.000000e+00 0.000000e+00 0.000000e+00
3.680000e-01 0.000000e+00 0.000000e+00 -0.000000e+00 -0.000000e+00 0.000000e+00 0.000000e+00
3.840000e-01 0.000000e+00 0.000000e+00 -0.000000e+00 -0.000000e+00 0.000000e+00 0.000000e+00
4.000000e-01 0.000000e+00 0.000000e+00 -0.000000e+00 -0.000000e+00 0.000000e+00 0.000000e+00
4.160000e-01 0.000000e+00 0.000000e+00 -0.000000e+00 -0.000000e+00 0.000000e+00 0.000000e+00
4.320000e-01 0.000000e+00 0.000000e+00 -0.000000e+00 -0.000000e+00 0.000000e+00 0.000000e+00
4.480000e-01 0.000000e+00 0.000000e+00 -0.000000e+00 -0.000000e+00 0.000000e+00 0.000000e+00
4.640000e-01 0.000000e+00 0.000000e+00 -0.000000e+00 -0.000000e+00 0.000000e+00 0.000000e+00
4.800000e-01 0.000000e+00 0.000000e+00 -0.000000e+00 -0.000000e+00 0.000000e+00 0.000000e+00
4.960000e-01 0.000000e+00 0.000000e+00 -0.000000e+00 -0.000000e+00 0.000000e+00 0.000000e+00
5.120000e-01 0.000000e+00 0.000000e+00 -0.000000e+00 -0.000000e+00 0.000000e+00 0.000000e+00
5.280000e-01 0.000000e+00 0.000000e+00 -0.000000e+00 -0.000000e+00 0.000000e+00 0.000000e+00
5.440000e-01 0.000000e+00 0.000000e+00 -0.000000e+00 -0.000000e+00 0.000000e+00 0.000000e+00
5.600000e-01 0.000000e+00 0.000000e+00 -0.000000e+00 -0.000000e+00 0.000000e+00 0.000000e+00
5.760000e-01 0.000000e+00 0.000000e+00 -0.000000e+00 -0.000000e+00 0.000000e+00 0.000000e+00
5.920000e-01 0.000000e+00 0.000000e+00 -0.000000e+00 -0.000000e+00 0.000000e+00 0.000000e+00
6.080000e-01 0.000000e+00 0.000000e+00 -0.000000e+00 -0.000000e+00 0.000000e+00 0.000000e+00
6.240000e-01 0.000000e+00 0.000000e+00 -0.000000e+00 -0.000000e+00 0.000000e+00 0.000000e+00
6.400000e-01 0.000000e+00 0.000000e+00 -0.000000e+00 -0.000000e+00 0.000000e+00 0.000000e+00
6.560000e-01 0.000000e+00 0.000000e+00 -0.000000e+00 -0.000000e+00 0.000000e+00 0.000000e+00
6.720000e-01 0.000000e+00 0.000000e+00 -0.000000e+00 -0.000000e+00 0.000000e+00 0.000000e+00
6.880000e-01 0.000000e+00 0.000000e+00 -0.000000e+00 -0.000000e+00 0.000000e+00 0.000000e+00
7.040000e-01 0.000000e+00 0.000000e+00 -0.000000e+00 -0.000000e+00 0.000000e+00 0.000000e+00
7.200000e-01 0.000000e+00 0.000000e+00 -0.000000e+00 -0.000000e+00 0.000000e+00 0.000000e+00
7.360000e-01 0.000000e+00 0.000000e+00 -0.000000e+00 -0.000000e+00 0.000000e+00 0.000000e+00
7.520000e-01 0.000000e+00 0.000000e+00 -0.000000e+00 -0.000000e+00 0.000000e+00 0.000000e+00
7.680000e-01 0.000000e+00 0.000000e+00 -0.000000e+00 -0.000000e+00 0.000000e+00 0.000000e+00
7.840000e-01 0.000000e+00 0.000000e+00 -0.000000e+00 -0.000000e+00 0.000000e+00 0.000000e+00
8.000000e-01 0.000000e+00 0.000000e+00 -0.000000e+00 -0.000000e+00 0.000000e+00 0.000000e+00
8.160000e-01 0.000000e+00 0.000000e+00 -0.000000e+00 -0.000000e+00 0.000000e+00 0.000000e+00
8.320000e-01 0.000000e+00 0.000000e+00 -0.000000e+00 -0.000000e+00 0.000000e+00 0.000000e+00
8.480000e-01 0.000000e+00 0.000000e+00 -0.000000e+00 -0.000000e+00 0.000000e+00 0.000000e+00
8.640000e-01 0.000000e+00 0.000000e+00 -0.000000e+00 -0.000000e+00 0.000000e+00 0.000000e+00
8.800000e-01 0.000000e+00 0.000000e+00 -0.000000e+00 -0.000000e+00 0.000000e+00 0.000000e+00
8.960000e-01 0.000000e+00 0.000000e+00 -0.000000e+00 -0.000000e+00 0.000000e+00 0.000000e+00
9.120000e-01 0.000000e+00 0.000000e+00 -0.000000e+00 -0.000000e+00 0.000000e+00 0.000000e+00
9.280000e-01 0.000000e+00 0.000000e+00 -0.000000e+00 -0.000000e+00 0.000000e+00 0.000000e+00
9.440000e-01 0.000000e+00 0.000000e+00 -0.000000e+00 -0.000000e+00 0.000000e+00 0.000000e+00
9.600000e-01 0.000000e+00 0.000000e+00 -0.000000e+00 -0.000000e+00 0.000000e+00 0.000000e+00
9.760000e-01 0.000000e+00 0.000000e+00 -0.000000e+00 -0.000000e+00 0.000000e+00 0.000000e+00
9.920000e-01 0.000000e+00 0.000000e+00 -0.000000e+00 -0.000000e+00 0.000000e+00 0.000000e+00
1.008000e+00 0.000000e+00 0.000000e+00 -0.000000e+00 -0.000000e+00 0.000000e+00 0.000000e+00
1.024000e+00 0.000000e+00 0.000000e+00 -0.000000e+00 -0.000000e+00 0.000000e+00 0.000000e+00
1.040000e+00 0.000000e+00 0.000000e+00 -0.000000e+00 -0.000000e+00 0.000000e+00 0.000000e+00
1.056000e+00 0.000000e+00 0.000000e+00 -0.000000e+00 -0.000000e+00 0.000000e+00 0.000000e+00
1.072000e+00 0.000000e+00 0.000000e+00 -0.000000e+00 -0.000000e+00 0.000000e+00 0.000000e+00
1.088000e+00 0.000000e+00 0.000000e+00 -0.000000e+00 -0.000000e+00 0.000000e+00 0.000000e+00
1.104000e+00 0.000000e+00 0.000000e+00 -0.000000e+00 -0.000000e+00 0.000000e+00 0.000000e+00
1.120000e+00 0.000000e+00 0.000000e+00 -0.000000e+00 -0.000000e+00 0.000000e+00 0.000000e+00
1.136000e+00 0.000000e+00 0.000000e+00 -0.000000e+00 -0.000000e+00 0.000000e+00 0.000000e+00
1.152000e+00 0.000000e+00 0.000000e+00 -0.000000e+00 -0.000000e+00 0.000000e+00 0.000000e+00
1.168000e+00 0.000000e+00 0.000000e+00 -0.000000e+00 -0.000000e+00 0.000000e+00 0.000000e+00
1.184000e+00 0.000000e+00 0.000000e+00 -0.000000e+00 -0.000000e+00 0.000000e+00 0.000000e+00
1.200000e+00 0.000000e+00 0.000000e+00 -0.000000e+00 -0.000000e+00 0.000000e+00 0.000000e+00
1.216000e+00 0.000000e+00 0.000000e+00 -0.000000e+00 -0.000000e+00 0.000000e+00 0.000000e+00
1.232000e+00 0.000000e+00 0.000000e+00 -0.000000e+00 -0.000000e+00 0.000000e+00 0.000000e+00
1.248000e+00 0.000000e+00 0.000000e+00 -0.000000e+00 -0.000000e+00 0.000000e+00 0.000000e+00
1.264000e+00 0.000000e+00 0.000000e+00 -0.000000e+00 -0.000000e+00 0.000000e+00 0.000000e+00
1.280000e+00 0.000000e+00 0.000000e+00 -0.000000e+00 -0.000000e+00 0.000000e+00 0.000000e+00
1.296000e+00 0.000000e+00 0.000000e+00 -0.000000e+00 -0.000000e+00 0.000000e+00 0.000000e+00
1.312000e+00 0.000000e+00 0.000000e+00 -0.000000e+00 -0.000000e+00 0.000000e+00 0.000000e+00
1.328000e+00 0.000000e+00 0.000000e+00 -0.000000e+00 -0.000000e+00 0.000000e+00 0.000000e+00
1.344000e+00 0.000000e+00 0.000000e+00 -0.000000e+00 -0.000000e+00 0.000000e+00 0.000000e+00
1.360000e+00 0.000000e+00 0.000000e+00 -0.000000e+00 -0.000000e+00 0.000000e+00 0.000000e+00
1.376000e+00 0.000000e+00 0.000000e+00 -0.000000e+00 -0.000000e+00 0.000000e+00 0.000000e+00
1.392000e+00 0.000000e+00 0.000000e+00 -0.000000e+00 -0.000000e+00 0.000000e+00 0.000000e+00
1.408000e+00 0.000000e+00 0.000000e+00 -0.000000e+00 -0.000000e+00 0.000000e+00 0.000000e+00
1.424000e+00 0.000000e+00 0.000000e+00 -0.000000e+00 -0.000000e+00 0.000000e+00 0.000000e+00
1.440000e+00 0.000000e+00 0.000000e+00 -0.000000e+00 -0.000000e+00 0.000000e+00 0.000000e+00
1.456000e+00 0.000000e+00 0.000000e+00 -0.000000e+00 -0.000000e+00 0.000000e+00 0.000000e+00
1.472000e+00 0.000000e+00 0.000000e+00 -0.000000e+00 -0.000000e+00 0.000000e+00 0.000000e+00
1.488000e+00 0.000000e+00 0.000000e+00 -0.000000e+00 -0.000000e+00 0.000000e+00 0.000000e+00
1.504000e+00 0.000000e+00 0.000000e+00 -0.000000e+00 -0.000000e+00 0.000000e+00 0.000000e+00
1.520000e+00 0.000000e+00 0.000000e+00 -0.000000e+00 -0.000000e+00 0.000000e+00 0.000000e+00
1.536000e+00 0.000000e+00 0.000000e+00 -0.000000e+00 -0.000000e+00 0.000000e+00 0.000000e+00
1.552000e+00 0.000000e+00 0.000000e+00 -0.000000e+00 -0.000000e+00 0.000000e+00 0.000000e+00
1.568000e+00 0.000000e+00 0.000000e+00 -0.000000e+00 -0.000000e+00 0.000000e+00 0.000000e+00
1.584000e+00 0.000000e+00 0.000000e+00 -0.000000e+00 -0.000000e+00 0.000000e+00 0.000000e+00
1.600000e+00 5.454410e-37 3.409006e-35 -0.000000e+00 -0.000000e+00 2.889420e-38 1.805888e-36
1.616000e+00 2.230436e-33 1.393682e-31 6.693227e-40 4.183267e-38 -1.452895e-33 -9.080773e-32
1.632000e+00 -7.632020e-30 -4.771407e-28 -4.193988e-37 -2.625426e-35 2.843374e-30 1.778017e-28
1.648000e+00 8.991116e-27 5.624217e-25 -9.361839e-34 -5.848528e-32 -1.746536e-27 -1.093362e-25
1.664000e+00 -5.077449e-24 -3.179025e-22 3.524746e-31 2.208818e-29 -5.803612e-25 -3.616342e-23
1.680000e+00 1.792755e-21 1.123645e-19 -1.796549e-28 -1.125046e-26 1.336132e-21 8.354454e-20
1.696000e+00 -1.257517e-18 -7.870688e-17 -3.417376e-25 -2.134737e-23 -5.778944e-19 -3.620191e-17
1.712000e+00 1.109491e-15 6.942176e-14 -1.382778e-23 -8.428779e-22 -7.693007e-17 -4.772011e-15
1.728000e+00 -4.483223e-13 -2.808949e-11 -2.657272e-20 -1.659931e-18 1.211377e-13 7.575916e-12
1.744000e+00 5.326554e-11 3.357116e-09 -2.879873e-18 -1.783313e-16 -2.218194e-11 -1.393943e-09
1.760000e+00 1.539212e-09 9.287162e-08 1.915346e-16 1.215091e-14 1.617270e-11 2.397165e-09
1.776000e+00 -9.013708e-08 -5.729768e-06 -4.409548e-15 -2.875677e-13 3.552460e-08 2.219277e-06
1.792000e+00 -8.017040e-07 -4.447293e-05 -2.321182e-14 -1.175142e-12 2.458898e-07 1.314782e-05
1.808000e+00 1.113830e-06 1.197209e-04 1.565570e-13 1.123555e-11 -3.435009e-07 -3.683692e-05
1.824000e+00 5.004045e-06 2.431384e-04 5.829912e-14 -6.141118e-12 -1.360724e-06 -6.357645e-05
1.840000e+00 9.636727e-06 2.895426e-04 3.098844e-13 1.572408e-11 -2.436194e-06 -6.721684e-05
1.856000e+00 1.496028e-05 3.327219e-04 -1.610717e-13 -2.943476e-11 -3.541170e-06 -6.906105e-05
1.872000e+00 2.107601e-05 3.822335e-04 -1.270253e-14 9.273075e-12 -4.688342e-06 -7.169820e-05
1.888000e+00 2.806026e-05 4.365157e-04 -2.975118e-13 -1.780058e-11 -5.873926e-06 -7.409902e-05
1.904000e+00 3.604075e-05 4.987804e-04 -1.415901e-12 -6.989935e-11 -7.109293e-06 -7.721042e-05
1.920000e+00 4.514049e-05 5.687338e-04 -1.856623e-12 -2.754511e-11 -8.398161e-06 -8.055425e-05
1.936000e+00 5.553478e-05 6.496432e-04 4.132589e-13 1.418676e-10 -9.755126e-06 -8.481035e-05
1.952000e+00 6.741702e-05 7.426399e-04 1.071125e-12 4.111662e-11 -1.119108e-05 -8.974683e-05
1.968000e+00 8.099606e-05 8.486898e-04 1.368999e-12 1.861714e-11 -1.271408e-05 -9.518770e-05
1.984000e+00 9.646947e-05 9.670884e-04 -6.814318e-14 -8.982139e-11 -1.432795e-05 -1.008667e-04
2.000000e+00 1.140926e-04 1.101443e-03 -4.526590e-13 -2.403224e-11 -1.606119e-05 -1.083277e-04
2.016000e+00 1.342448e-04 1.259515e-03 2.064793e-12 1.573408e-10 -1.795139e-05 -1.181378e-04
2.032000e+00 1.575236e-04 1.454924e-03 7.415838e-12 3.344403e-10 -2.005015e-05 -1.311720e-04
2.048000e+00 1.840186e-04 1.655939e-03 7.073620e-12 -2.138864e-11 -2.230458e-05 -1.409024e-04
2.064000e+00 2.142056e-04 1.886690e-03 -6.730943e-13 -4.841696e-10 -2.475429e-05 -1.531065e-04
2.080000e+00 2.483728e-04 2.135446e-03 -2.554454e-12 -1.175850e-10 -2.735268e-05 -1.623993e-04
2.096000e+00 2.882517e-04 2.492435e-03 -6.910545e-12 -2.722557e-10 -3.048237e-05 -1.956057e-04
2.112000e+00 3.338044e-04 2.847040e-03 -1.862340e-12 3.155129e-10 -3.391684e-05 -2.146548e-04
2.128000e+00 3.858453e-04 3.252557e-03 1.727167e-12 2.243442e-10 -3.775614e-05 -2.399558e-04
2.144000e+00 4.453907e-04 3.721589e-03 3.439639e-12 1.070295e-10 -4.205375e-05 -2.686011e-04
2.160000e+00 5.139744e-04 4.286482e-03 -1.040867e-11 -8.655192e-10 -4.696877e-05 -3.071888e-04
2.176000e+00 5.935435e-04 4.973065e-03 -1.372765e-11 -2.074361e-10 -5.283742e-05 -3.667900e-04
2.192000e+00 6.858481e-04 5.769042e-03 -8.637897e-13 8.039910e-10 -5.971735e-05 -4.299959e-04
2.208000e+00 7.925943e-04 6.671636e-03 5.567602e-13 8.878437e-11 -6.778539e-05 -5.042527e-04
2.224000e+00 9.169098e-04 7.769717e-03 -1.055113e-11 -6.942428e-10 -7.733053e-05 -5.965709e-04
2.240000e+00 1.062198e-03 9.080517e-03 9.189460e-13 7.168794e-10 -8.884506e-05 -7.196581e-04
2.256000e+00 1.232305e-03 1.063165e-02 -2.043673e-12 -1.851637e-10 -1.027945e-04 -8.718384e-04
2.272000e+00 1.432299e-03 1.249965e-02 -1.266269e-11 -6.636887e-10 -1.198510e-04 -1.066031e-03
2.288000e+00 1.666315e-03 1.462603e-02 6.544344e-12 1.200440e-09 -1.399846e-04 -1.258354e-03
2.304000e+00 1.930314e-03 1.649992e-02 -8.828337e-11 -5.926732e-09 -1.621685e-04 -1.386489e-03
2.320000e+00 2.242366e-03 1.950324e-02 -1.121960e-10 -1.494539e-09 -1.899643e-04 -1.737240e-03
2.336000e+00 2.624715e-03 2.389683e-02 -1.818800e-10 -4.355253e-09 -2.284118e-04 -2.402966e-03
2.352000e+00 3.024085e-03 2.496063e-02 -2.191967e-10 -2.332291e-09 -2.580052e-04 -1.849593e-03
2.368000e+00 3.369946e-03 2.161632e-02 -2.089439e-10 6.407976e-10 -2.626740e-04 -2.917945e-04
2.384000e+00 3.696071e-03 2.038281e-02 -1.836346e-10 1.581834e-09 -2.532347e-04 5.899528e-04
2.400000e+00 4.015272e-03 1.995004e-02 -2.403898e-10 -3.547199e-09 -2.338136e-04 1.213818e-03
2.416000e+00 4.333046e-03 1.986086e-02 -2.951602e-10 -3.423155e-09 -2.062356e-04 1.723628e-03
2.432000e+00 4.650497e-03 1.984072e-02 -2.723552e-10 1.425317e-09 -1.709794e-04 2.203511e-03
2.448000e+00 4.968728e-03 1.988942e-02 -3.569850e-10 -5.289363e-09 -1.284148e-04 2.660286e-03
2.464000e+00 5.284433e-03 1.973156e-02 -2.527470e-10 6.514875e-09 -7.779787e-05 3.163561e-03
2.480000e+00 5.599656e-03 1.970143e-02 -4.172649e-10 -1.028237e-08 -2.015867e-05 3.602450e-03
2.496000e+00 5.911946e-03 1.951811e-02 -3.145070e-10 6.422368e-09 4.513560e-05 4.080892e-03
2.512000e+00 6.225941e-03 1.962469e-02 -3.542672e-10 -2.485010e-09 1.167598e-04 4.476512e-03
2.528000e+00 6.540351e-03 1.965063e-02 -3.936011e-10 -2.458367e-09 1.945288e-04 4.860561e-03
2.544000e+00 6.854507e-03 1.963475e-02 -4.166530e-10 -1.440745e-09 2.784771e-04 5.246771e-03
2.560000e+00 7.169575e-03 1.969176e-02 -3.621585e-10 3.405907e-09 3.682546e-04 5.611096e-03
2.576000e+00 7.485817e-03 1.976511e-02 -2.929606e-10 4.324868e-09 4.637723e-04 5.969858e-03
2.592000e+00 7.804859e-03 1.994015e-02 -3.533581e-10 -3.774844e-09 5.646246e-04 6.303265e-03
2.608000e+00 8.124081e-03 1.995133e-02 -3.251445e-10 1.763351e-09 6.713441e-04 6.669973e-03
2.624000e+00 8.446188e-03 2.013172e-02 -2.419741e-10 5.198145e-09 7.830305e-04 6.980400e-03
2.640000e+00 8.769390e-03 2.020011e-02 3.717661e-11 1.744692e-08 9.000145e-04 7.311494e-03
2.656000e+00 9.099326e-03 2.062100e-02 2.069915e-10 1.061343e-08 1.020898e-03 7.555235e-03
2.672000e+00 9.432986e-03 2.085376e-02 2.494514e-10 2.653740e-09 1.146171e-03 7.829539e-03
2.688000e+00 9.771206e-03 2.113878e-02 3.083109e-10 3.678717e-09 1.275805e-03 8.102125e-03
2.704000e+00 1.011500e-02 2.148679e-02 2.360423e-10 -4.516783e-09 1.409421e-03 8.351024e-03
2.720000e+00 1.046305e-02 2.175357e-02 2.694379e-10 2.087226e-09 1.547528e-03 8.631665e-03
2.736000e+00 1.081642e-02 2.208551e-02 4.337931e-10 1.027220e-08 1.689617e-03 8.880561e-03
2.752000e+00 1.117731e-02 2.255564e-02 3.860746e-10 -2.982409e-09 1.835484e-03 9.116678e-03
2.768000e+00 1.154257e-02 2.282858e-02 6.380168e-10 1.574639e-08 1.985389e-03 9.369063e-03
2.784000e+00 1.191736e-02 2.342420e-02 1.308445e-09 4.190174e-08 2.138210e-03 9.551346e-03
2.800000e+00 1.229991e-02 2.390967e-02 4.217819e-10 -5.541641e-08 2.294642e-03 9.776965e-03
2.816000e+00 1.269229e-02 2.452365e-02 2.923983e-10 -8.086472e-09 2.454387e-03 9.984051e-03
2.832000e+00 1.309248e-02 2.501193e-02 3.334507e-10 2.565772e-09 2.617537e-03 1.019692e-02
2.848000e+00 1.350213e-02 2.560323e-02 1.633236e-10 -1.063295e-08 2.784035e-03 1.040611e-02
2.864000e+00 1.392240e-02 2.626663e-02 -1.374838e-09 -9.613508e-08 2.953891e-03 1.061598e-02
2.880000e+00 1.435303e-02 2.691486e-02 2.706591e-09 2.550893e-07 3.126727e-03 1.080229e-02
2.896000e+00 1.479759e-02 2.778472e-02 2.563097e-08 1.432774e-06 3.301861e-03 1.094586e-02
2.912000e+00 1.525548e-02 2.861804e-02 7.232854e-08 2.918598e-06 3.480115e-03 1.114085e-02
2.928000e+00 1.572443e-02 2.930915e-02 1.465953e-07 4.641674e-06 3.661949e-03 1.136463e-02
2.944000e+00 1.620641e-02 3.012395e-02 2.526287e-07 6.627085e-06 3.846867e-03 1.155741e-02
2.960000e+00 1.669996e-02 3.084670e-02 3.963045e-07 8.979740e-06 4.035612e-03 1.179652e-02
2.976000e+00 1.720504e-02 3.156752e-02 5.825627e-07 1.164114e-05 4.227886e-03 1.201712e-02
2.992000e+00 1.772273e-02 3.235606e-02 8.180981e-07 1.472096e-05 4.423824e-03 1.224614e-02
3.008000e+00 1.825142e-02 3.304290e-02 1.110677e-06 1.828616e-05 4.623625e-03 1.248755e-02
3.024000e+00 1.879475e-02 3.395835e-02 1.468537e-06 2.236624e-05 4.826588e-03 1.268520e-02
3.040000e+00 1.935362e-02 3.492932e-02 1.901639e-06 2.706891e-05 5.032662e-03 1.287965e-02
3.056000e+00 1.993047e-02 3.605321e-02 2.421198e-06 3.247245e-05 5.241482e-03 1.305125e-02
3.072000e+00 2.052549e-02 3.718877e-02 3.041707e-06 3.878177e-05 5.453159e-03 1.322976e-02
3.088000e+00 2.114058e-02 3.844308e-02 3.775027e-06 4.583256e-05 5.667484e-03 1.339536e-02
3.104000e+00 2.177553e-02 3.968428e-02 4.641097e-06 5.412934e-05 5.884732e-03 1.357800e-02
3.120000e+00 2.243121e-02 4.098017e-02 5.654676e-06 6.334872e-05 6.105605e-03 1.380454e-02
3.136000e+00 2.310557e-02 4.214704e-02 6.842595e-06 7.424489e-05 6.326157e-03 1.378452e-02
3.152000e+00 2.379719e-02 4.322620e-02 8.229546e-06 8.668444e-05 6.540397e-03 1.338996e-02
3.168000e+00 2.450717e-02 4.437375e-02 9.845084e-06 1.009711e-04 6.752608e-03 1.326322e-02
3.184000e+00 2.523836e-02 4.569947e-02 1.171734e-05 1.170160e-04 6.966609e-03 1.337507e-02
3.200000e+00 2.598987e-02 4.696926e-02 1.389323e-05 1.359930e-04 7.181861e-03 1.345326e-02
3.216000e+00 2.676081e-02 4.818394e-02 1.640575e-05 1.570326e-04 7.397802e-03 1.349629e-02
3.232000e+00 2.755294e-02 4.950809e-02 1.931773e-05 1.819989e-04 7.613792e-03 1.349940e-02
3.248000e+00 2.836834e-02 5.096261e-02 2.263233e-05 2.071620e-04 7.829348e-03 1.347224e-02
3.264000e+00 2.920766e-02 5.245723e-02 2.643469e-05 2.376478e-04 8.044258e-03 1.343183e-02
3.280000e+00 3.006983e-02 5.388578e-02 3.082231e-05 2.742261e-04 8.258240e-03 1.337392e-02
3.296000e+00 3.095584e-02 5.537581e-02 3.579133e-05 3.105640e-04 8.470508e-03 1.326673e-02
3.312000e+00 3.186620e-02 5.689749e-02 4.148003e-05 3.555434e-04 8.680477e-03 1.312305e-02
3.328000e+00 3.279979e-02 5.834949e-02 4.806390e-05 4.114919e-04 8.887371e-03 1.293088e-02
3.344000e+00 3.375697e-02 5.982370e-02 5.551157e-05 4.654794e-04 9.089659e-03 1.264303e-02
3.360000e+00 3.474026e-02 6.145569e-02 6.401964e-05 5.317542e-04 9.282386e-03 1.204540e-02
3.376000e+00 3.575374e-02 6.334242e-02 7.372341e-05 6.064856e-04 9.466796e-03 1.152564e-02
3.392000e+00 3.680074e-02 6.543741e-02 8.484724e-05 6.952399e-04 9.639283e-03 1.078042e-02
3.408000e+00 3.788217e-02 6.758957e-02 9.748520e-05 7.898723e-04 9.798033e-03 9.921898e-03
3.424000e+00 3.899911e-02 6.980822e-02 1.124972e-04 9.382524e-04 9.936201e-03 8.635489e-03
3.440000e+00 4.015933e-02 7.251412e-02 1.298001e-04 1.081426e-03 1.005032e-02 7.132642e-03
3.456000e+00 4.137738e-02 7.612792e-02 1.497553e-04 1.247201e-03 1.012690e-02 4.785827e-03
3.472000e+00 4.270533e-02 8.299685e-02 1.730844e-04 1.458070e-03 1.013725e-02 6.472379e-04
3.488000e+00 4.414419e-02 8.992887e-02 2.003233e-04 1.702434e-03 1.007380e-02 -3.965640e-03
3.504000e+00 4.569947e-02 9.720478e-02 2.313892e-04 1.941619e-03 9.927812e-03 -9.124399e-03
3.520000e+00 4.739249e-02 1.058139e-01 2.632515e-04 1.991390e-03 9.676839e-03 -1.568580e-02
3.536000e+00 4.925109e-02 1.161624e-01 2.957694e-04 2.032374e-03 9.290546e-03 -2.414327e-02
3.552000e+00 5.131231e-02 1.288265e-01 3.288303e-04 2.066305e-03 8.730331e-03 -3.501346e-02
3.568000e+00 5.361734e-02 1.440645e-01 3.626939e-04 2.116474e-03 7.945918e-03 -4.902584e-02
3.584000e+00 5.621408e-02 1.622962e-01 3.975113e-04 2.176090e-03 6.867001e-03 -6.743230e-02
3.600000e+00 5.914068e-02 1.829122e-01 4.334717e-04 2.247525e-03 5.399371e-03 -9.172683e-02
3.616000e+00 6.245171e-02 2.069397e-01 4.704637e-04 2.311996e-03 3.359689e-03 -1.274801e-01
3.632000e+00 6.604850e-02 2.247994e-01 5.085819e-04 2.382389e-03 6.422355e-04 -1.698409e-01
3.648000e+00 6.984293e-02 2.371516e-01 5.474460e-04 2.429004e-03 -2.480416e-03 -1.951657e-01
3.664000e+00 7.379510e-02 2.470105e-01 5.873239e-04 2.492370e-03 -5.933885e-03 -2.158418e-01
3.680000e+00 7.785272e-02 2.536017e-01 6.281141e-04 2.549391e-03 -9.671394e-03 -2.335943e-01
3.696000e+00 8.193009e-02 2.548357e-01 6.696937e-04 2.598726e-03 -1.360473e-02 -2.458334e-01
3.712000e+00 8.594600e-02 2.509941e-01 7.121219e-04 2.651762e-03 -1.763772e-02 -2.520621e-01
3.728000e+00 8.982874e-02 2.426710e-01 7.555119e-04 2.711870e-03 -2.163404e-02 -2.497700e-01
3.744000e+00 9.349748e-02 2.292966e-01 7.995166e-04 2.750294e-03 -2.552099e-02 -2.429339e-01
3.760000e+00 9.694695e-02 2.155916e-01 8.450217e-04 2.844071e-03 -2.923531e-02 -2.321451e-01
3.776000e+00 1.002812e-01 2.083908e-01 8.917642e-04 2.921408e-03 -3.276875e-02 -2.208400e-01
3.792000e+00 1.035893e-01 2.067578e-01 9.393902e-04 2.976625e-03 -3.615024e-02 -2.113432e-01
3.808000e+00 1.069124e-01 2.076921e-01 9.890050e-04 3.100922e-03 -3.944499e-02 -2.059218e-01
3.824000e+00 1.102789e-01 2.104042e-01 1.039720e-03 3.169685e-03 -4.266958e-02 -2.015369e-01
3.840000e+00 1.137003e-01 2.138407e-01 1.091340e-03 3.226280e-03 -4.584368e-02 -1.983811e-01
3.856000e+00 1.171921e-01 2.182335e-01 1.144498e-03 3.322336e-03 -4.897958e-02 -1.959941e-01
3.872000e+00 1.207700e-01 2.236187e-01 1.199482e-03 3.436514e-03 -5.209129e-02 -1.944818e-01
3.888000e+00 1.244427e-01 2.295451e-01 1.256123e-03 3.540051e-03 -5.519142e-02 -1.937583e-01
3.904000e+00 1.282162e-01 2.358425e-01 1.314235e-03 3.631984e-03 -5.829429e-02 -1.939294e-01
3.920000e+00 1.321095e-01 2.433310e-01 1.374142e-03 3.744212e-03 -6.142750e-02 -1.958255e-01
3.936000e+00 1.361417e-01 2.520178e-01 1.435618e-03 3.842265e-03 -6.462256e-02 -1.996911e-01
3.952000e+00 1.403118e-01 2.606303e-01 1.498656e-03 3.939863e-03 -6.789646e-02 -2.046188e-01
3.968000e+00 1.446174e-01 2.690983e-01 1.563771e-03 4.069659e-03 -7.125901e-02 -2.101592e-01
3.984000e+00 1.490606e-01 2.777031e-01 1.631218e-03 4.215449e-03 -7.471606e-02 -2.160660e-01
4.000000e+00 1.536309e-01 2.856408e-01 1.701081e-03 4.366450e-03 -7.828062e-02 -2.227850e-01
4.016000e+00 1.583268e-01 2.934926e-01 1.773061e-03 4.498743e-03 -8.196900e-02 -2.305240e-01
4.032000e+00 1.631566e-01 3.018609e-01 1.847361e-03 4.643736e-03 -8.580602e-02 -2.398134e-01
4.048000e+00 1.681127e-01 3.097611e-01 1.924345e-03 4.811540e-03 -8.981204e-02 -2.503765e-01
4.064000e+00 1.731757e-01 3.164356e-01 2.003908e-03 4.972686e-03 -9.395912e-02 -2.591925e-01
4.080000e+00 1.783443e-01 3.230374e-01 2.085940e-03 5.126968e-03 -9.824799e-02 -2.680542e-01
4.096000e+00 1.836109e-01 3.291607e-01 2.170283e-03 5.271467e-03 -1.026859e-01 -2.773675e-01
4.112000e+00 1.889700e-01 3.349461e-01 2.256902e-03 5.413644e-03 -1.072805e-01 -2.871630e-01
4.128000e+00 1.944242e-01 3.408868e-01 2.346678e-03 5.611052e-03 -1.120407e-01 -2.975122e-01
4.144000e+00 1.999648e-01 3.462858e-01 2.439249e-03 5.785645e-03 -1.169712e-01 -3.081562e-01
4.160000e+00 2.055111e-01 3.466462e-01 2.534083e-03 5.927124e-03 -1.221626e-01 -3.244627e-01
4.176000e+00 2.107940e-01 3.301775e-01 2.631028e-03 6.059080e-03 -1.278906e-01 -3.580021e-01
4.192000e+00 2.157658e-01 3.107411e-01 2.730781e-03 6.234538e-03 -1.341236e-01 -3.895604e-01
4.208000e+00 2.204600e-01 2.933854e-01 2.833262e-03 6.405063e-03 -1.407294e-01 -4.128632e-01
4.224000e+00 2.252310e-01 2.981864e-01 2.937788e-03 6.532873e-03 -1.472593e-01 -4.081193e-01
4.240000e+00 2.302495e-01 3.136619e-01 3.043884e-03 6.631042e-03 -1.534428e-01 -3.864671e-01
4.256000e+00 2.354733e-01 3.264854e-01 3.151823e-03 6.746144e-03 -1.591874e-01 -3.590421e-01
4.272000e+00 2.395326e-01 2.537040e-01 3.260322e-03 6.781236e-03 -1.653967e-01 -3.880776e-01
4.288000e+00 2.421696e-01 1.648143e-01 3.369949e-03 6.851675e-03 -1.722964e-01 -4.312313e-01
4.304000e+00 2.439870e-01 1.135890e-01 3.480495e-03 6.909138e-03 -1.793483e-01 -4.407449e-01
4.320000e+00 2.452083e-01 7.632758e-02 3.590464e-03 6.873025e-03 -1.863545e-01 -4.378888e-01
4.336000e+00 2.459413e-01 4.581148e-02 3.699806e-03 6.833903e-03 -1.932211e-01 -4.291638e-01
4.352000e+00 2.462610e-01 1.998408e-02 3.806195e-03 6.649333e-03 -1.998938e-01 -4.170432e-01
4.368000e+00 2.463273e-01 4.142312e-03 3.909386e-03 6.449391e-03 -2.063168e-01 -4.014350e-01
4.384000e+00 2.463186e-01 -5.415236e-04 4.008104e-03 6.169890e-03 -2.124105e-01 -3.808554e-01
4.400000e+00 2.466259e-01 1.920435e-02 4.108510e-03 6.275365e-03 -2.180520e-01 -3.525967e-01
4.416000e+00 2.475190e-01 5.582175e-02 4.200100e-03 5.724391e-03 -2.231634e-01 -3.194624e-01
4.432000e+00 2.490490e-01 9.562494e-02 4.286946e-03 5.427844e-03 -2.277758e-01 -2.882754e-01
4.448000e+00 2.509436e-01 1.184089e-01 4.381761e-03 5.925992e-03 -2.320180e-01 -2.651338e-01
4.464000e+00 2.530057e-01 1.288823e-01 4.484793e-03 6.439445e-03 -2.360025e-01 -2.490348e-01
4.480000e+00 2.551691e-01 1.352147e-01 4.592780e-03 6.749245e-03 -2.398546e-01 -2.407557e-01
4.496000e+00 2.574484e-01 1.424562e-01 4.705116e-03 7.020946e-03 -2.436050e-01 -2.343974e-01
4.512000e+00 2.598303e-01 1.488651e-01 4.820358e-03 7.202650e-03 -2.472656e-01 -2.287912e-01
4.528000e+00 2.623285e-01 1.561407e-01 4.940918e-03 7.534997e-03 -2.508476e-01 -2.238698e-01
4.544000e+00 2.649169e-01 1.617729e-01 5.064694e-03 7.736022e-03 -2.543562e-01 -2.192870e-01
4.560000e+00 2.676123e-01 1.684663e-01 5.195337e-03 8.165182e-03 -2.577918e-01 -2.147260e-01
4.576000e+00 2.704047e-01 1.745201e-01 5.332999e-03 8.603840e-03 -2.611502e-01 -2.099042e-01
4.592000e+00 2.732956e-01 1.806850e-01 5.477367e-03 9.023035e-03 -2.644243e-01 -2.046274e-01
4.608000e+00 2.762550e-01 1.849618e-01 5.616616e-03 8.703072e-03 -2.675986e-01 -1.983960e-01
4.624000e+00 2.792830e-01 1.892462e-01 5.753496e-03 8.554967e-03 -2.706637e-01 -1.915668e-01
4.640000e+00 2.823820e-01 1.936877e-01 5.887055e-03 8.347475e-03 -2.736188e-01 -1.846960e-01
4.656000e+00 2.855328e-01 1.969284e-01 6.016648e-03 8.099521e-03 -2.764615e-01 -1.776703e-01
4.672000e+00 2.887021e-01 1.980819e-01 6.148926e-03 8.267388e-03 -2.792057e-01 -1.715093e-01
4.688000e+00 2.918917e-01 1.993502e-01 6.278301e-03 8.085956e-03 -2.818513e-01 -1.653491e-01
4.704000e+00 2.951027e-01 2.006859e-01 6.406296e-03 7.999685e-03 -2.844025e-01 -1.594490e-01
4.720000e+00 2.983398e-01 2.023191e-01 6.534080e-03 7.986459e-03 -2.868643e-01 -1.538660e-01
4.736000e+00 3.015910e-01 2.032011e-01 6.659777e-03 7.856094e-03 -2.892322e-01 -1.479959e-01
4.752000e+00 3.048641e-01 2.045642e-01 6.786805e-03 7.939222e-03 -2.915084e-01 -1.422570e-01
4.768000e+00 3.081667e-01 2.064130e-01 6.912270e-03 7.841599e-03 -2.936948e-01 -1.366496e-01
4.784000e+00 3.114978e-01 2.081934e-01 7.037580e-03 7.831835e-03 -2.957910e-01 -1.310163e-01
4.800000e+00 3.148667e-01 2.105565e-01 7.164817e-03 7.952337e-03 -2.978006e-01 -1.255986e-01
4.816000e+00 3.182730e-01 2.128957e-01 7.291365e-03 7.909272e-03 -2.997292e-01 -1.205357e-01
4.832000e+00 3.217079e-01 2.146845e-01 7.416091e-03 7.795350e-03 -3.015793e-01 -1.156348e-01
4.848000e+00 3.251717e-01 2.164880e-01 7.544090e-03 7.999955e-03 -3.033547e-01 -1.109590e-01
4.864000e+00 3.286682e-01 2.185302e-01 7.673507e-03 8.088542e-03 -3.050592e-01 -1.065353e-01
4.880000e+00 3.321973e-01 2.205637e-01 7.800884e-03 7.961090e-03 -3.066914e-01 -1.020104e-01
4.896000e+00 3.357706e-01 2.233342e-01 7.934063e-03 8.323680e-03 -3.082531e-01 -9.760937e-02
4.912000e+00 3.393899e-01 2.262038e-01 8.072229e-03 8.635340e-03 -3.097418e-01 -9.303812e-02
4.928000e+00 3.430542e-01 2.290216e-01 8.209757e-03 8.595495e-03 -3.111605e-01 -8.867214e-02
4.944000e+00 3.467634e-01 2.318254e-01 8.347929e-03 8.635774e-03 -3.125123e-01 -8.448707e-02
4.960000e+00 3.505201e-01 2.347955e-01 8.493425e-03 9.093493e-03 -3.138005e-01 -8.051140e-02
4.976000e+00 3.543227e-01 2.376590e-01 8.642498e-03 9.317059e-03 -3.150266e-01 -7.663129e-02
4.992000e+00 3.581767e-01 2.408767e-01 8.792124e-03 9.351667e-03 -3.161927e-01 -7.288080e-02
5.008000e+00 3.620839e-01 2.442003e-01 8.947099e-03 9.685926e-03 -3.173003e-01 -6.922803e-02
5.024000e+00 3.660370e-01 2.470687e-01 9.108921e-03 1.011384e-02 -3.183497e-01 -6.558751e-02
5.040000e+00 3.700345e-01 2.498430e-01 9.276599e-03 1.047987e-02 -3.193417e-01 -6.199800e-02
5.056000e+00 3.740854e-01 2.531814e-01 9.450395e-03 1.086231e-02 -3.202814e-01 -5.873192e-02
5.072000e+00 3.781896e-01 2.565128e-01 9.631635e-03 1.132744e-02 -3.211734e-01 -5.575021e-02
5.088000e+00 3.823400e-01 2.594023e-01 9.821046e-03 1.183822e-02 -3.220176e-01 -5.276390e-02
5.104000e+00 3.865311e-01 2.619407e-01 1.001719e-02 1.225927e-02 -3.228127e-01 -4.969086e-02
5.120000e+00 3.907687e-01 2.648505e-01 1.022169e-02 1.278115e-02 -3.235612e-01 -4.678356e-02
5.136000e+00 3.950591e-01 2.681512e-01 1.043479e-02 1.331840e-02 -3.242679e-01 -4.416953e-02
5.152000e+00 3.994007e-01 2.713486e-01 1.065455e-02 1.373519e-02 -3.249353e-01 -4.171281e-02
5.168000e+00 4.037880e-01 2.742060e-01 1.087850e-02 1.399674e-02 -3.255617e-01 -3.914871e-02
5.184000e+00 4.082153e-01 2.767037e-01 1.110525e-02 1.417205e-02 -3.261494e-01 -3.673200e-02
5.200000e+00 4.126845e-01 2.793251e-01 1.133799e-02 1.454644e-02 -3.267019e-01 -3.452859e-02
5.216000e+00 4.172015e-01 2.823162e-01 1.158175e-02 1.523445e-02 -3.272196e-01 -3.235476e-02
5.232000e+00 4.217655e-01 2.852501e-01 1.183382e-02 1.575451e-02 -3.277014e-01 -3.011196e-02
5.248000e+00 4.263730e-01 2.879665e-01 1.208908e-02 1.595370e-02 -3.281487e-01 -2.796068e-02
5.264000e+00 4.310251e-01 2.907576e-01 1.234762e-02 1.615892e-02 -3.285670e-01 -2.614470e-02
5.280000e+00 4.357266e-01 2.938445e-01 1.261215e-02 1.653321e-02 -3.289586e-01 -2.447429e-02
5.296000e+00 4.404732e-01 2.966601e-01 1.288242e-02 1.689171e-02 -3.293228e-01 -2.276243e-02
5.312000e+00 4.452586e-01 2.990898e-01 1.315489e-02 1.702978e-02 -3.296588e-01 -2.099892e-02
5.328000e+00 4.500836e-01 3.015623e-01 1.342751e-02 1.703875e-02 -3.299705e-01 -1.948115e-02
5.344000e+00 4.549497e-01 3.041277e-01 1.370428e-02 1.729780e-02 -3.302595e-01 -1.806469e-02
5.360000e+00 4.598612e-01 3.069686e-01 1.398746e-02 1.769850e-02 -3.305268e-01 -1.670403e-02
5.376000e+00 4.648185e-01 3.098357e-01 1.427266e-02 1.782522e-02 -3.307731e-01 -1.538996e-02
5.392000e+00 4.698190e-01 3.125288e-01 1.455571e-02 1.769086e-02 -3.310012e-01 -1.425835e-02
5.408000e+00 4.748544e-01 3.147117e-01 1.483766e-02 1.762168e-02 -3.312125e-01 -1.320422e-02
5.424000e+00 4.799288e-01 3.171489e-01 1.511601e-02 1.739694e-02 -3.314090e-01 -1.228201e-02
5.440000e+00 4.850444e-01 3.197267e-01 1.539090e-02 1.718034e-02 -3.315913e-01 -1.139702e-02
5.456000e+00 4.901980e-01 3.221039e-01 1.565796e-02 1.669170e-02 -3.317619e-01 -1.065880e-02
5.472000e+00 4.953881e-01 3.243791e-01 1.591017e-02 1.576292e-02 -3.319229e-01 -1.006472e-02
5.488000e+00 5.006142e-01 3.266293e-01 1.615058e-02 1.502576e-02 -3.320744e-01 -9.471733e-03
5.504000e+00 5.058837e-01 3.293462e-01 1.637528e-02 1.404334e-02 -3.322232e-01 -9.294732e-03
5.520000e+00 5.111967e-01 3.320591e-01 1.657895e-02 1.272942e-02 -3.323721e-01 -9.308566e-03
5.536000e+00 5.165478e-01 3.344461e-01 1.675987e-02 1.130777e-02 -3.325225e-01 -9.402738e-03
5.552000e+00 5.219455e-01 3.373582e-01 1.690380e-02 8.995320e-03 -3.326794e-01 -9.806457e-03
5.568000e+00 5.273986e-01 3.408161e-01 1.700794e-02 6.509196e-03 -3.328488e-01 -1.058429e-02
5.584000e+00 5.329067e-01 3.442558e-01 1.707229e-02 4.021433e-03 -3.330376e-01 -1.180244e-02
5.600000e+00 5.384844e-01 3.486076e-01 1.707575e-02 2.163322e-04 -3.332542e-01 -1.353571e-02
5.616000e+00 5.441743e-01 3.556198e-01 1.696311e-02 -7.039921e-03 -3.335285e-01 -1.714090e-02
5.632000e+00 5.500008e-01 3.641570e-01 1.671159e-02 -1.571968e-02 -3.338799e-01 -2.196374e-02
5.648000e+00 5.559156e-01 3.696749e-01 1.634808e-02 -2.271964e-02 -3.342953e-01 -2.596399e-02
5.664000e+00 5.618806e-01 3.728076e-01 1.589570e-02 -2.827364e-02 -3.347655e-01 -2.938516e-02
5.680000e+00 5.678370e-01 3.722765e-01 1.536659e-02 -3.306969e-02 -3.352709e-01 -3.158980e-02
5.696000e+00 5.737393e-01 3.688978e-01 1.478807e-02 -3.615721e-02 -3.357916e-01 -3.254670e-02
5.712000e+00 5.795286e-01 3.618279e-01 1.420587e-02 -3.638732e-02 -3.362917e-01 -3.125478e-02
5.728000e+00 5.851518e-01 3.514477e-01 1.370623e-02 -3.122795e-02 -3.366902e-01 -2.490496e-02
5.744000e+00 5.906892e-01 3.460880e-01 1.323105e-02 -2.969834e-02 -3.370121e-01 -2.011744e-02
5.760000e+00 5.961911e-01 3.438711e-01 1.274193e-02 -3.057033e-02 -3.373007e-01 -1.803589e-02
5.776000e+00 6.016643e-01 3.420762e-01 1.223180e-02 -3.188325e-02 -3.375776e-01 -1.731107e-02
5.792000e+00 6.071084e-01 3.402552e-01 1.170240e-02 -3.308750e-02 -3.378550e-01 -1.733300e-02
5.808000e+00 6.125350e-01 3.391641e-01 1.114783e-02 -3.466059e-02 -3.381317e-01 -1.729401e-02
5.824000e+00 6.179549e-01 3.387407e-01 1.056974e-02 -3.613056e-02 -3.384112e-01 -1.746852e-02
5.840000e+00 6.233793e-01 3.390243e-01 9.968133e-03 -3.760028e-02 -3.387149e-01 -1.898511e-02
5.856000e+00 6.288021e-01 3.389283e-01 9.339030e-03 -3.931896e-02 -3.390423e-01 -2.046307e-02
5.872000e+00 6.342316e-01 3.393412e-01 8.675959e-03 -4.144193e-02 -3.393803e-01 -2.112590e-02
5.888000e+00 6.396663e-01 3.396707e-01 7.974598e-03 -4.383505e-02 -3.397319e-01 -2.197101e-02
5.904000e+00 6.450257e-01 3.349622e-01 7.233864e-03 -4.629588e-02 -3.401807e-01 -2.804841e-02
5.920000e+00 6.502763e-01 3.281600e-01 6.450444e-03 -4.896371e-02 -3.407612e-01 -3.628355e-02
5.936000e+00 6.553861e-01 3.193642e-01 5.628374e-03 -5.137940e-02 -3.415097e-01 -4.678075e-02
5.952000e+00 6.603441e-01 3.098755e-01 4.767311e-03 -5.381643e-02 -3.424507e-01 -5.881222e-02
5.968000e+00 6.651543e-01 3.006366e-01 3.872447e-03 -5.592900e-02 -3.435858e-01 -7.094202e-02
5.984000e+00 6.698307e-01 2.922760e-01 2.944799e-03 -5.797798e-02 -3.449053e-01 -8.247223e-02
6.000000e+00 6.744098e-01 2.861905e-01 1.984825e-03 -5.999840e-02 -3.463826e-01 -9.232803e-02
6.016000e+00 6.789488e-01 2.836893e-01 9.983777e-04 -6.165296e-02 -3.479612e-01 -9.866571e-02
6.032000e+00 6.834642e-01 2.822114e-01 -1.836884e-05 -6.354666e-02 -3.496234e-01 -1.038869e-01
6.048000e+00 6.879556e-01 2.807177e-01 -1.062512e-03 -6.525896e-02 -3.513667e-01 -1.089571e-01
6.064000e+00 6.924305e-01 2.796803e-01 -2.129416e-03 -6.668150e-02 -3.531931e-01 -1.141475e-01
6.080000e+00 6.968979e-01 2.792094e-01 -3.223408e-03 -6.837450e-02 -3.550913e-01 -1.186412e-01
6.096000e+00 7.013577e-01 2.787379e-01 -4.337607e-03 -6.963740e-02 -3.570641e-01 -1.233011e-01
6.112000e+00 7.058132e-01 2.784693e-01 -5.474833e-03 -7.107662e-02 -3.591159e-01 -1.282350e-01
6.128000e+00 7.102628e-01 2.780998e-01 -6.637821e-03 -7.268678e-02 -3.612410e-01 -1.328194e-01
6.144000e+00 7.147020e-01 2.774517e-01 -7.822173e-03 -7.402198e-02 -3.634409e-01 -1.374936e-01
6.160000e+00 7.191304e-01 2.767722e-01 -9.031467e-03 -7.558091e-02 -3.657193e-01 -1.424014e-01
6.176000e+00 7.235536e-01 2.764540e-01 -1.025864e-02 -7.669850e-02 -3.680719e-01 -1.470333e-01
6.192000e+00 7.279702e-01 2.760346e-01 -1.150269e-02 -7.775299e-02 -3.705031e-01 -1.519527e-01
6.208000e+00 7.323891e-01 2.761800e-01 -1.275932e-02 -7.853945e-02 -3.730128e-01 -1.568547e-01
6.224000e+00 7.368079e-01 2.761791e-01 -1.402360e-02 -7.901765e-02 -3.756012e-01 -1.617765e-01
6.240000e+00 7.412302e-01 2.763919e-01 -1.529276e-02 -7.932193e-02 -3.782705e-01 -1.668331e-01
6.256000e+00 7.456578e-01 2.767262e-01 -1.655641e-02 -7.897856e-02 -3.810210e-01 -1.719012e-01
6.272000e+00 7.501056e-01 2.779849e-01 -1.780205e-02 -7.785206e-02 -3.838479e-01 -1.766852e-01
6.288000e+00 7.545878e-01 2.801369e-01 -1.901725e-02 -7.595007e-02 -3.867500e-01 -1.813787e-01
6.304000e+00 7.591144e-01 2.829144e-01 -2.019672e-02 -7.371720e-02 -3.897299e-01 -1.862473e-01
6.320000e+00 7.636874e-01 2.858129e-01 -2.134141e-02 -7.154332e-02 -3.927891e-01 -1.911945e-01
6.336000e+00 7.683012e-01 2.883635e-01 -2.245111e-02 -6.935582e-02 -3.959339e-01 -1.965518e-01
6.352000e+00 7.729527e-01 2.907183e-01 -2.352911e-02 -6.737520e-02 -3.991711e-01 -2.023265e-01
6.368000e+00 7.776316e-01 2.924292e-01 -2.457956e-02 -6.565275e-02 -4.025094e-01 -2.086454e-01
6.384000e+00 7.823208e-01 2.930732e-01 -2.561318e-02 -6.460182e-02 -4.059620e-01 -2.157851e-01
6.400000e+00 7.868990e-01 2.861404e-01 -2.663181e-02 -6.366381e-02 -4.094765e-01 -2.196591e-01
6.416000e+00 7.912772e-01 2.736394e-01 -2.763718e-02 -6.283570e-02 -4.129589e-01 -2.176450e-01
6.432000e+00 7.954357e-01 2.599039e-01 -2.862971e-02 -6.203343e-02 -4.163734e-01 -2.134068e-01
6.448000e+00 7.993670e-01 2.457079e-01 -2.960777e-02 -6.112891e-02 -4.196931e-01 -2.074841e-01
6.464000e+00 8.030822e-01 2.321967e-01 -3.057491e-02 -6.044592e-02 -4.228986e-01 -2.003432e-01
6.480000e+00 8.066164e-01 2.208899e-01 -3.152863e-02 -5.960743e-02 -4.259901e-01 -1.932165e-01
6.496000e+00 8.100302e-01 2.133637e-01 -3.246726e-02 -5.866452e-02 -4.289949e-01 -1.878036e-01
6.512000e+00 8.134176e-01 2.117136e-01 -3.339098e-02 -5.773256e-02 -4.319686e-01 -1.858562e-01
6.528000e+00 8.168232e-01 2.128487e-01 -3.429668e-02 -5.660634e-02 -4.349636e-01 -1.871878e-01
6.544000e+00 8.202460e-01 2.139236e-01 -3.518707e-02 -5.564944e-02 -4.379870e-01 -1.889593e-01
6.560000e+00 8.236718e-01 2.141148e-01 -3.605849e-02 -5.446383e-02 -4.410383e-01 -1.907095e-01
6.576000e+00 8.271063e-01 2.146514e-01 -3.691305e-02 -5.340969e-02 -4.441275e-01 -1.930744e-01
6.592000e+00 8.305517e-01 2.153384e-01 -3.775194e-02 -5.243077e-02 -4.472691e-01 -1.963459e-01
6.608000e+00 8.339968e-01 2.153224e-01 -3.857238e-02 -5.127728e-02 -4.504622e-01 -1.995729e-01
6.624000e+00 8.374340e-01 2.148206e-01 -3.938021e-02 -5.048941e-02 -4.537048e-01 -2.026590e-01
6.640000e+00 8.408592e-01 2.140779e-01 -4.017534e-02 -4.969561e-02 -4.570012e-01 -2.060279e-01
6.656000e+00 8.442686e-01 2.130895e-01 -4.095988e-02 -4.903383e-02 -4.603617e-01 -2.100287e-01
6.672000e+00 8.476580e-01 2.118351e-01 -4.173537e-02 -4.846812e-02 -4.637891e-01 -2.142125e-01
6.688000e+00 8.510201e-01 2.101283e-01 -4.250190e-02 -4.790824e-02 -4.672886e-01 -2.187218e-01
6.704000e+00 8.543478e-01 2.079824e-01 -4.326539e-02 -4.771801e-02 -4.708610e-01 -2.232735e-01
6.720000e+00 8.576341e-01 2.053947e-01 -4.402230e-02 -4.730661e-02 -4.745060e-01 -2.278111e-01
6.736000e+00 8.608757e-01 2.025973e-01 -4.477646e-02 -4.713524e-02 -4.782249e-01 -2.324330e-01
6.752000e+00 8.640677e-01 1.995032e-01 -4.552889e-02 -4.702702e-02 -4.820220e-01 -2.373176e-01
6.768000e+00 8.672056e-01 1.961166e-01 -4.628079e-02 -4.699351e-02 -4.859027e-01 -2.425477e-01
6.784000e+00 8.702768e-01 1.919550e-01 -4.703369e-02 -4.705609e-02 -4.898746e-01 -2.482386e-01
6.800000e+00 8.732801e-01 1.877001e-01 -4.778942e-02 -4.723353e-02 -4.939433e-01 -2.542963e-01
6.816000e+00 8.762056e-01 1.828463e-01 -4.854637e-02 -4.730954e-02 -4.981167e-01 -2.608349e-01
6.832000e+00 8.790512e-01 1.778498e-01 -4.930427e-02 -4.736856e-02 -5.024029e-01 -2.678916e-01
6.848000e+00 8.818093e-01 1.723834e-01 -5.005874e-02 -4.715402e-02 -5.068204e-01 -2.760936e-01
6.864000e+00 8.844835e-01 1.671380e-01 -5.080258e-02 -4.649010e-02 -5.113893e-01 -2.855541e-01
6.880000e+00 8.870694e-01 1.616171e-01 -5.152072e-02 -4.488416e-02 -5.161324e-01 -2.964469e-01
6.896000e+00 8.896493e-01 1.612417e-01 -5.211721e-02 -3.728021e-02 -5.211178e-01 -3.115827e-01
6.912000e+00 8.923873e-01 1.711255e-01 -5.244444e-02 -2.045178e-02 -5.264919e-01 -3.358834e-01
6.928000e+00 8.950677e-01 1.675280e-01 -5.272812e-02 -1.773052e-02 -5.322527e-01 -3.600500e-01
6.944000e+00 8.972255e-01 1.348620e-01 -5.334847e-02 -3.877151e-02 -5.381014e-01 -3.655411e-01
6.960000e+00 8.990683e-01 1.151758e-01 -5.420139e-02 -5.330747e-02 -5.438267e-01 -3.578357e-01
6.976000e+00 9.002333e-01 7.281276e-02 -5.561689e-02 -8.846861e-02 -5.491357e-01 -3.318091e-01
6.992000e+00 9.004441e-01 1.317198e-02 -5.776216e-02 -1.340797e-01 -5.536589e-01 -2.827018e-01
7.008000e+00 9.004823e-01 2.388507e-03 -5.997998e-02 -1.386137e-01 -5.574403e-01 -2.363394e-01
7.024000e+00 9.007552e-01 1.705552e-02 -6.190341e-02 -1.202144e-01 -5.606882e-01 -2.029916e-01
7.040000e+00 9.017105e-01 5.970669e-02 -6.314901e-02 -7.785018e-02 -5.636834e-01 -1.871992e-01
7.056000e+00 9.031090e-01 8.740398e-02 -6.394139e-02 -4.952382e-02 -5.666999e-01 -1.885304e-01
7.072000e+00 9.046000e-01 9.318892e-02 -6.455722e-02 -3.848926e-02 -5.696460e-01 -1.841360e-01
7.088000e+00 9.061380e-01 9.612437e-02 -6.506562e-02 -3.177465e-02 -5.724653e-01 -1.762059e-01
7.104000e+00 9.077003e-01 9.764277e-02 -6.549463e-02 -2.681319e-02 -5.751401e-01 -1.671752e-01
7.120000e+00 9.092921e-01 9.949194e-02 -6.583513e-02 -2.128161e-02 -5.776710e-01 -1.581783e-01
7.136000e+00 9.109046e-01 1.007797e-01 -6.610019e-02 -1.656625e-02 -5.800499e-01 -1.486789e-01
7.152000e+00 9.125304e-01 1.016135e-01 -6.627309e-02 -1.080611e-02 -5.822735e-01 -1.389780e-01
7.168000e+00 9.141736e-01 1.026996e-01 -6.636622e-02 -5.820720e-03 -5.843450e-01 -1.294682e-01
7.184000e+00 9.158323e-01 1.036684e-01 -6.636995e-02 -2.329293e-04 -5.862622e-01 -1.198277e-01
7.200000e+00 9.175125e-01 1.050143e-01 -6.629224e-02 4.856663e-03 -5.880274e-01 -1.103216e-01
7.216000e+00 9.192105e-01 1.061222e-01 -6.613191e-02 1.002104e-02 -5.896441e-01 -1.010471e-01
7.232000e+00 9.209154e-01 1.065583e-01 -6.590403e-02 1.424256e-02 -5.911173e-01 -9.207134e-02
7.248000e+00 9.226209e-01 1.065919e-01 -6.561635e-02 1.798001e-02 -5.924506e-01 -8.333441e-02
7.264000e+00 9.243160e-01 1.059445e-01 -6.527648e-02 2.124130e-02 -5.936493e-01 -7.491374e-02
7.280000e+00 9.259925e-01 1.047784e-01 -6.489847e-02 2.362604e-02 -5.947238e-01 -6.715894e-02
7.296000e+00 9.276414e-01 1.030561e-01 -6.448124e-02 2.607702e-02 -5.956917e-01 -6.049589e-02
7.312000e+00 9.292517e-01 1.006481e-01 -6.403244e-02 2.804953e-02 -5.965685e-01 -5.479758e-02
7.328000e+00 9.308271e-01 9.846246e-02 -6.355358e-02 2.992867e-02 -5.973667e-01 -4.988711e-02
7.344000e+00 9.323657e-01 9.615992e-02 -6.304940e-02 3.151153e-02 -5.980925e-01 -4.536157e-02
7.360000e+00 9.338721e-01 9.415227e-02 -6.252941e-02 3.249925e-02 -5.987568e-01 -4.152345e-02
7.376000e+00 9.353439e-01 9.198684e-02 -6.199576e-02 3.335338e-02 -5.993680e-01 -3.819520e-02
7.392000e+00 9.367817e-01 8.986177e-02 -6.145676e-02 3.368732e-02 -5.999282e-01 -3.501709e-02
7.408000e+00 9.381823e-01 8.753592e-02 -6.091622e-02 3.378406e-02 -6.004413e-01 -3.206903e-02
7.424000e+00 9.395772e-01 8.718453e-02 -6.037563e-02 3.378634e-02 -6.009069e-01 -2.909688e-02
7.440000e+00 9.409483e-01 8.569399e-02 -5.984136e-02 3.339234e-02 -6.013327e-01 -2.661312e-02
7.456000e+00 9.422818e-01 8.333861e-02 -5.929486e-02 3.415620e-02 -6.017205e-01 -2.423776e-02
7.472000e+00 9.435895e-01 8.173548e-02 -5.872778e-02 3.544262e-02 -6.020648e-01 -2.151889e-02
7.488000e+00 9.448807e-01 8.070149e-02 -5.813105e-02 3.729564e-02 -6.023663e-01 -1.884093e-02
7.504000e+00 9.461488e-01 7.925211e-02 -5.751207e-02 3.868565e-02 -6.026286e-01 -1.639774e-02
7.520000e+00 9.473935e-01 7.779636e-02 -5.687897e-02 3.956922e-02 -6.028543e-01 -1.410574e-02
7.536000e+00 9.486123e-01 7.617451e-02 -5.626462e-02 3.839684e-02 -6.030654e-01 -1.319309e-02
7.552000e+00 9.497959e-01 7.397723e-02 -5.567322e-02 3.696221e-02 -6.032600e-01 -1.216276e-02
7.568000e+00 9.509431e-01 7.169637e-02 -5.511448e-02 3.492111e-02 -6.034456e-01 -1.159706e-02
7.584000e+00 9.520678e-01 7.029694e-02 -5.457794e-02 3.353395e-02 -6.036205e-01 -1.093045e-02
7.600000e+00 9.531677e-01 6.874107e-02 -5.405605e-02 3.261811e-02 -6.037772e-01 -9.797212e-03
7.616000e+00 9.542389e-01 6.694898e-02 -5.356035e-02 3.098119e-02 -6.039179e-01 -8.793913e-03
7.632000e+00 9.552983e-01 6.621104e-02 -5.309077e-02 2.934906e-02 -6.040480e-01 -8.131868e-03
7.648000e+00 9.563508e-01 6.578358e-02 -5.263873e-02 2.825261e-02 -6.041686e-01 -7.536380e-03
7.664000e+00 9.573837e-01 6.455540e-02 -5.220920e-02 2.684540e-02 -6.042738e-01 -6.573248e-03
7.680000e+00 9.583952e-01 6.321895e-02 -5.180406e-02 2.532097e-02 -6.043681e-01 -5.895648e-03
7.696000e+00 9.593835e-01 6.176702e-02 -5.141951e-02 2.403464e-02 -6.044567e-01 -5.537606e-03
7.712000e+00 9.603451e-01 6.010463e-02 -5.105214e-02 2.296034e-02 -6.045363e-01 -4.971107e-03
7.728000e+00 9.612878e-01 5.891656e-02 -5.070895e-02 2.144962e-02 -6.046039e-01 -4.227199e-03
7.744000e+00 9.622175e-01 5.810581e-02 -5.039199e-02 1.980988e-02 -6.046626e-01 -3.667581e-03
7.760000e+00 9.631354e-01 5.736871e-02 -5.009660e-02 1.846214e-02 -6.047183e-01 -3.481101e-03
7.776000e+00 9.640360e-01 5.628921e-02 -4.982290e-02 1.710606e-02 -6.047655e-01 -2.950171e-03
7.792000e+00 9.649185e-01 5.515586e-02 -4.957439e-02 1.553180e-02 -6.048069e-01 -2.588332e-03
7.808000e+00 9.657893e-01 5.442748e-02 -4.935300e-02 1.383702e-02 -6.048470e-01 -2.510480e-03
7.824000e+00 9.666448e-01 5.346305e-02 -4.915514e-02 1.236617e-02 -6.048860e-01 -2.435105e-03
7.840000e+00 9.674735e-01 5.179696e-02 -4.897761e-02 1.109573e-02 -6.049228e-01 -2.297916e-03
7.856000e+00 9.682679e-01 4.964973e-02 -4.882102e-02 9.786645e-03 -6.049614e-01 -2.411888e-03
7.872000e+00 9.690222e-01 4.714304e-02 -4.868055e-02 8.779505e-03 -6.050113e-01 -3.117887e-03
7.888000e+00 9.697345e-01 4.452020e-02 -4.855526e-02 7.830516e-03 -6.050708e-01 -3.723362e-03
7.904000e+00 9.703959e-01 4.133542e-02 -4.844136e-02 7.119211e-03 -6.051384e-01 -4.223079e-03
7.920000e+00 9.710030e-01 3.794514e-02 -4.834056e-02 6.299820e-03 -6.052218e-01 -5.210338e-03
7.936000e+00 9.715600e-01 3.481378e-02 -4.824903e-02 5.720263e-03 -6.053220e-01 -6.265037e-03
7.952000e+00 9.720655e-01 3.159465e-02 -4.816620e-02 5.176982e-03 -6.054410e-01 -7.438410e-03
7.968000e+00 9.725215e-01 2.849489e-02 -4.809305e-02 4.572229e-03 -6.055777e-01 -8.541348e-03
7.984000e+00 9.729297e-01 2.551323e-02 -4.803024e-02 3.925718e-03 -6.057360e-01 -9.895864e-03
8.000000e+00 9.732999e-01 2.313894e-02 -4.797811e-02 3.257917e-03 -6.059153e-01 -1.120743e-02
8.016000e+00 9.736330e-01 2.081782e-02 -4.793785e-02 2.515934e-03 -6.061141e-01 -1.242480e-02
8.032000e+00 9.739334e-01 1.877922e-02 -4.790925e-02 1.787945e-03 -6.063357e-01 -1.384987e-02
8.048000e+00 9.742035e-01 1.687877e-02 -4.789200e-02 1.077915e-03 -6.065759e-01 -1.501323e-02
8.064000e+00 9.744423e-01 1.492707e-02 -4.788299e-02 5.629070e-04 -6.068366e-01 -1.628837e-02
8.080000e+00 9.746570e-01 1.341676e-02 -4.788277e-02 1.391630e-05 -6.071201e-01 -1.772309e-02
8.096000e+00 9.748498e-01 1.204725e-02 -4.788910e-02 -3.953599e-04 -6.074241e-01 -1.899932e-02
8.112000e+00 9.750319e-01 1.138458e-02 -4.790534e-02 -1.015248e-03 -6.077446e-01 -2.003268e-02
8.128000e+00 9.752129e-01 1.131043e-02 -4.793388e-02 -1.783842e-03 -6.080807e-01 -2.100601e-02
8.144000e+00 9.753949e-01 1.137727e-02 -4.797298e-02 -2.443493e-03 -6.084373e-01 -2.228758e-02
8.160000e+00 9.755785e-01 1.147169e-02 -4.801832e-02 -2.833657e-03 -6.088160e-01 -2.366796e-02
8.176000e+00 9.757570e-01 1.115905e-02 -4.806665e-02 -3.020644e-03 -6.092136e-01 -2.485062e-02
8.192000e+00 9.759280e-01 1.068472e-02 -4.811691e-02 -3.141641e-03 -6.096371e-01 -2.646463e-02
8.208000e+00 9.760938e-01 1.036460e-02 -4.816609e-02 -3.073554e-03 -6.100850e-01 -2.799828e-02
8.224000e+00 9.762584e-01 1.028674e-02 -4.822375e-02 -3.603543e-03 -6.105485e-01 -2.896826e-02
8.240000e+00 9.764172e-01 9.928457e-03 -4.829929e-02 -4.721343e-03 -6.110160e-01 -2.921730e-02
8.256000e+00 9.765596e-01 8.896309e-03 -4.839047e-02 -5.698881e-03 -6.114933e-01 -2.982904e-02
8.272000e+00 9.766835e-01 7.744641e-03 -4.849297e-02 -6.406104e-03 -6.119827e-01 -3.058771e-02
8.288000e+00 9.767811e-01 6.100699e-03 -4.860306e-02 -6.880585e-03 -6.124856e-01 -3.143571e-02
8.304000e+00 9.768371e-01 3.501024e-03 -4.871474e-02 -6.980030e-03 -6.130115e-01 -3.286827e-02
8.320000e+00 9.768579e-01 1.299184e-03 -4.882586e-02 -6.945442e-03 -6.135485e-01 -3.356055e-02
8.336000e+00 9.768545e-01 -2.145138e-04 -4.893797e-02 -7.006456e-03 -6.140885e-01 -3.375019e-02
8.352000e+00 9.768190e-01 -2.217913e-03 -4.904633e-02 -6.772868e-03 -6.146357e-01 -3.420237e-02
8.368000e+00 9.767388e-01 -5.012004e-03 -4.914273e-02 -6.024605e-03 -6.151921e-01 -3.477491e-02
8.384000e+00 9.766170e-01 -7.611209e-03 -4.922142e-02 -4.918504e-03 -6.157587e-01 -3.541187e-02
8.400000e+00 9.764272e-01 -1.186322e-02 -4.926999e-02 -3.035698e-03 -6.163395e-01 -3.629762e-02
8.416000e+00 9.761617e-01 -1.659269e-02 -4.928326e-02 -8.293861e-04 -6.169441e-01 -3.778801e-02
8.432000e+00 9.757983e-01 -2.271295e-02 -4.923068e-02 3.286628e-03 -6.175720e-01 -3.924078e-02
8.448000e+00 9.751772e-01 -3.882032e-02 -4.894784e-02 1.767734e-02 -6.183661e-01 -4.963560e-02
8.464000e+00 9.742439e-01 -5.833224e-02 -4.833524e-02 3.828730e-02 -6.194348e-01 -6.679197e-02
8.480000e+00 9.732135e-01 -6.439944e-02 -4.763007e-02 4.407366e-02 -6.206169e-01 -7.387932e-02
8.496000e+00 9.722344e-01 -6.119014e-02 -4.695016e-02 4.249413e-02 -6.218068e-01 -7.437344e-02
8.512000e+00 9.713371e-01 -5.608202e-02 -4.634728e-02 3.767997e-02 -6.229791e-01 -7.326765e-02
8.528000e+00 9.705918e-01 -4.658110e-02 -4.587089e-02 2.977462e-02 -6.240650e-01 -6.786576e-02
8.544000e+00 9.699836e-01 -3.801490e-02 -4.548953e-02 2.383490e-02 -6.250712e-01 -6.288801e-02
8.560000e+00 9.694872e-01 -3.102406e-02 -4.517727e-02 1.951628e-02 -6.260094e-01 -5.863965e-02
8.576000e+00 9.690937e-01 -2.459366e-02 -4.492322e-02 1.587811e-02 -6.268940e-01 -5.528539e-02
8.592000e+00 9.687828e-01 -1.943517e-02 -4.471603e-02 1.294928e-02 -6.277421e-01 -5.300946e-02
8.608000e+00 9.685080e-01 -1.717030e-02 -4.456509e-02 9.433735e-03 -6.284910e-01 -4.680653e-02
8.624000e+00 9.683049e-01 -1.269869e-02 -4.446243e-02 6.416048e-03 -6.291510e-01 -4.124793e-02
8.640000e+00 9.681769e-01 -7.994719e-03 -4.439580e-02 4.164683e-03 -6.297680e-01 -3.856013e-02
8.656000e+00 9.680938e-01 -5.193877e-03 -4.435178e-02 2.751367e-03 -6.303612e-01 -3.707467e-02
8.672000e+00 9.680254e-01 -4.275793e-03 -4.431810e-02 2.104487e-03 -6.309381e-01 -3.605639e-02
8.688000e+00 9.679562e-01 -4.323506e-03 -4.429266e-02 1.590448e-03 -6.314944e-01 -3.477281e-02
8.704000e+00 9.678646e-01 -5.727008e-03 -4.426523e-02 1.713962e-03 -6.320269e-01 -3.327831e-02
8.720000e+00 9.677467e-01 -7.369930e-03 -4.424104e-02 1.511995e-03 -6.325313e-01 -3.152596e-02
8.736000e+00 9.676024e-01 -9.018496e-03 -4.422172e-02 1.207902e-03 -6.330046e-01 -2.958109e-02
8.752000e+00 9.674972e-01 -6.577532e-03 -4.423368e-02 -7.477025e-04 -6.334654e-01 -2.880301e-02
8.768000e+00 9.673957e-01 -6.340312e-03 -4.426273e-02 -1.815551e-03 -6.339082e-01 -2.767205e-02
8.784000e+00 9.673035e-01 -5.760724e-03 -4.431278e-02 -3.128167e-03 -6.343388e-01 -2.691521e-02
8.800000e+00 9.672184e-01 -5.323443e-03 -4.437194e-02 -3.697345e-03 -6.347573e-01 -2.615431e-02
8.816000e+00 9.671361e-01 -5.140296e-03 -4.444306e-02 -4.445361e-03 -6.351585e-01 -2.507396e-02
8.832000e+00 9.670635e-01 -4.541545e-03 -4.452983e-02 -5.423038e-03 -6.355492e-01 -2.442214e-02
8.848000e+00 9.670137e-01 -3.107188e-03 -4.462869e-02 -6.178864e-03 -6.359307e-01 -2.384256e-02
8.864000e+00 9.669910e-01 -1.419754e-03 -4.474070e-02 -7.000799e-03 -6.363074e-01 -2.353995e-02
8.880000e+00 9.669995e-01 5.278380e-04 -4.486159e-02 -7.555184e-03 -6.366752e-01 -2.299178e-02
8.896000e+00 9.670209e-01 1.341214e-03 -4.498849e-02 -7.931225e-03 -6.370378e-01 -2.265945e-02
8.912000e+00 9.670509e-01 1.870221e-03 -4.512005e-02 -8.222586e-03 -6.373912e-01 -2.209061e-02
8.928000e+00 9.670922e-01 2.586116e-03 -4.525426e-02 -8.388257e-03 -6.377377e-01 -2.165582e-02
8.944000e+00 9.671413e-01 3.069433e-03 -4.539291e-02 -8.665563e-03 -6.380813e-01 -2.147216e-02
8.960000e+00 9.672002e-01 3.679179e-03 -4.553577e-02 -8.929069e-03 -6.384207e-01 -2.121237e-02
8.976000e+00 9.672706e-01 4.401493e-03 -4.568147e-02 -9.105842e-03 -6.387547e-01 -2.087727e-02
8.992000e+00 9.673524e-01 5.110109e-03 -4.582899e-02 -9.220331e-03 -6.390859e-01 -2.069815e-02
9.008000e+00 9.674403e-01 5.493871e-03 -4.597649e-02 -9.218757e-03 -6.394127e-01 -2.042625e-02
9.024000e+00 9.675402e-01 6.242807e-03 -4.612460e-02 -9.256650e-03 -6.397352e-01 -2.015865e-02
9.040000e+00 9.676458e-01 6.604212e-03 -4.627498e-02 -9.398534e-03 -6.400529e-01 -1.985322e-02
9.056000e+00 9.677593e-01 7.091296e-03 -4.642639e-02 -9.463420e-03 -6.403668e-01 -1.962181e-02
9.072000e+00 9.678814e-01 7.632490e-03 -4.657996e-02 -9.598325e-03 -6.406759e-01 -1.931516e-02
9.088000e+00 9.680140e-01 8.286342e-03 -4.673351e-02 -9.596889e-03 -6.409821e-01 -1.913924e-02
9.104000e+00 9.681477e-01 8.356374e-03 -4.688956e-02 -9.752548e-03 -6.412834e-01 -1.882806e-02
9.120000e+00 9.682841e-01 8.525266e-03 -4.704663e-02 -9.817353e-03 -6.415802e-01 -1.855219e-02
9.136000e+00 9.684220e-01 8.618074e-03 -4.720359e-02 -9.809526e-03 -6.418735e-01 -1.833156e-02
9.152000e+00 9.685603e-01 8.640913e-03 -4.736657e-02 -1.018631e-02 -6.421644e-01 -1.818103e-02
9.168000e+00 9.686962e-01 8.497179e-03 -4.753072e-02 -1.025948e-02 -6.424502e-01 -1.786087e-02
9.184000e+00 9.688307e-01 8.406697e-03 -4.769813e-02 -1.046341e-02 -6.427292e-01 -1.743850e-02
9.200000e+00 9.689650e-01 8.392895e-03 -4.786457e-02 -1.040247e-02 -6.430031e-01 -1.711960e-02
9.216000e+00 9.690988e-01 8.360516e-03 -4.803539e-02 -1.067587e-02 -6.432736e-01 -1.690542e-02
9.232000e+00 9.692355e-01 8.542546e-03 -4.820643e-02 -1.069040e-02 -6.435364e-01 -1.642603e-02
9.248000e+00 9.693730e-01 8.594331e-03 -4.837869e-02 -1.076602e-02 -6.437950e-01 -1.616473e-02
9.264000e+00 9.695188e-01 9.114172e-03 -4.854906e-02 -1.064812e-02 -6.440495e-01 -1.590641e-02
9.280000e+00 9.696659e-01 9.195338e-03 -4.871953e-02 -1.065437e-02 -6.442986e-01 -1.556579e-02
9.296000e+00 9.698184e-01 9.528400e-03 -4.889084e-02 -1.070723e-02 -6.445416e-01 -1.518718e-02
9.312000e+00 9.699747e-01 9.767588e-03 -4.906401e-02 -1.082303e-02 -6.447808e-01 -1.495271e-02
9.328000e+00 9.701368e-01 1.013199e-02 -4.923781e-02 -1.086243e-02 -6.450142e-01 -1.458235e-02
9.344000e+00 9.703024e-01 1.035128e-02 -4.941310e-02 -1.095572e-02 -6.452409e-01 -1.416850e-02
9.360000e+00 9.704732e-01 1.067498e-02 -4.959017e-02 -1.106679e-02 -6.454617e-01 -1.380574e-02
9.376000e+00 9.706472e-01 1.087562e-02 -4.976978e-02 -1.122578e-02 -6.456768e-01 -1.344299e-02
9.392000e+00 9.708222e-01 1.093494e-02 -4.995151e-02 -1.135784e-02 -6.458852e-01 -1.302042e-02
9.408000e+00 9.709969e-01 1.092036e-02 -5.013592e-02 -1.152585e-02 -6.460886e-01 -1.271643e-02
9.424000e+00 9.711759e-01 1.119084e-02 -5.032306e-02 -1.169573e-02 -6.462884e-01 -1.248524e-02
9.440000e+00 9.713555e-01 1.121970e-02 -5.051257e-02 -1.184463e-02 -6.464820e-01 -1.209955e-02
9.456000e+00 9.715396e-01 1.150962e-02 -5.070376e-02 -1.194927e-02 -6.466706e-01 -1.178658e-02
9.472000e+00 9.717223e-01 1.142035e-02 -5.089752e-02 -1.211002e-02 -6.468548e-01 -1.151301e-02
9.488000e+00 9.719080e-01 1.160483e-02 -5.109578e-02 -1.239156e-02 -6.470346e-01 -1.123926e-02
9.504000e+00 9.720918e-01 1.149006e-02 -5.129778e-02 -1.262490e-02 -6.472069e-01 -1.076979e-02
9.520000e+00 9.722796e-01 1.173729e-02 -5.150437e-02 -1.291174e-02 -6.473771e-01 -1.063906e-02
9.536000e+00 9.724675e-01 1.174388e-02 -5.171202e-02 -1.297816e-02 -6.475415e-01 -1.026979e-02
9.552000e+00 9.726558e-01 1.176582e-02 -5.192420e-02 -1.326105e-02 -6.476995e-01 -9.875760e-03
9.568000e+00 9.728452e-01 1.183572e-02 -5.214044e-02 -1.351496e-02 -6.478538e-01 -9.642833e-03
9.584000e+00 9.730375e-01 1.202307e-02 -5.236354e-02 -1.394373e-02 -6.480054e-01 -9.477622e-03
9.600000e+00 9.732283e-01 1.192018e-02 -5.259036e-02 -1.417661e-02 -6.481491e-01 -8.982569e-03
9.616000e+00 9.734162e-01 1.174854e-02 -5.282335e-02 -1.456186e-02 -6.482895e-01 -8.772409e-03
9.632000e+00 9.736033e-01 1.169365e-02 -5.306096e-02 -1.485077e-02 -6.484260e-01 -8.535228e-03
9.648000e+00 9.737906e-01 1.170527e-02 -5.330404e-02 -1.519228e-02 -6.485592e-01 -8.322486e-03
9.664000e+00 9.739801e-01 1.184149e-02 -5.354940e-02 -1.533515e-02 -6.486913e-01 -8.258542e-03
9.680000e+00 9.741646e-01 1.153224e-02 -5.379098e-02 -1.509892e-02 -6.488211e-01 -8.110102e-03
9.696000e+00 9.743442e-01 1.122597e-02 -5.402256e-02 -1.447352e-02 -6.489485e-01 -7.961576e-03
9.712000e+00 9.745157e-01 1.071459e-02 -5.424818e-02 -1.410131e-02 -6.490759e-01 -7.965998e-03
9.728000e+00 9.746816e-01 1.037312e-02 -5.446489e-02 -1.354451e-02 -6.492037e-01 -7.982497e-03
9.744000e+00 9.748393e-01 9.854442e-03 -5.467338e-02 -1.303061e-02 -6.493332e-01 -8.095929e-03
9.760000e+00 9.749883e-01 9.314950e-03 -5.487276e-02 -1.246073e-02 -6.494623e-01 -8.067681e-03
9.776000e+00 9.751253e-01 8.558742e-03 -5.505936e-02 -1.166301e-02 -6.495923e-01 -8.125733e-03
9.792000e+00 9.752476e-01 7.645649e-03 -5.523408e-02 -1.091989e-02 -6.497227e-01 -8.150778e-03
9.808000e+00 9.753482e-01 6.288969e-03 -5.538690e-02 -9.550950e-03 -6.498472e-01 -7.780640e-03
9.824000e+00 9.754240e-01 4.734899e-03 -5.551500e-02 -8.006428e-03 -6.499656e-01 -7.403075e-03
9.840000e+00 9.754769e-01 3.304617e-03 -5.562017e-02 -6.572972e-03 -6.500813e-01 -7.225869e-03
9.856000e+00 9.755114e-01 2.157350e-03 -5.570978e-02 -5.600594e-03 -6.501968e-01 -7.221740e-03
9.872000e+00 9.755360e-01 1.536973e-03 -5.578999e-02 -5.013409e-03 -6.503143e-01 -7.345652e-03
9.888000e+00 9.755556e-01 1.229901e-03 -5.586986e-02 -4.991828e-03 -6.504394e-01 -7.814301e-03
9.904000e+00 9.755781e-01 1.404469e-03 -5.595793e-02 -5.504214e-03 -6.505739e-01 -8.408437e-03
9.920000e+00 9.756054e-01 1.702330e-03 -5.606227e-02 -6.521167e-03 -6.507205e-01 -9.161824e-03
9.936000e+00 9.756401e-01 2.169687e-03 -5.617817e-02 -7.244192e-03 -6.508810e-01 -1.003234e-02
9.952000e+00 9.756820e-01 2.617702e-03 -5.630616e-02 -7.998926e-03 -6.510541e-01 -1.081712e-02
9.968000e+00 9.757315e-01 3.099537e-03 -5.644112e-02 -8.434927e-03 -6.512369e-01 -1.142535e-02
9.984000e+00 9.757843e-01 3.295413e-03 -5.658349e-02 -8.898401e-03 -6.514308e-01 -1.211725e-02
1.000000e+01 9.758406e-01 3.521272e-03 -5.672883e-02 -9.083998e-03 -6.516345e-01 -1.273219e-02
1.001600e+01 9.758972e-01 3.533921e-03 -5.687797e-02 -9.320784e-03 -6.518469e-01 -1.327869e-02
1.003200e+01 9.759583e-01 3.818968e-03 -5.703013e-02 -9.510092e-03 -6.520691e-01 -1.388399e-02
1.004800e+01 9.760222e-01 3.998762e-03 -5.718328e-02 -9.571870e-03 -6.523010e-01 -1.449754e-02
1.006400e+01 9.760885e-01 4.140444e-03 -5.733733e-02 -9.628529e-03 -6.525412e-01 -1.500849e-02
1.008000e+01 9.761549e-01 4.153969e-03 -5.749223e-02 -9.681216e-03 -6.527894e-01 -1.551679e-02
1.009600e+01 9.762226e-01 4.225936e-03 -5.764707e-02 -9.677278e-03 -6.530490e-01 -1.621921e-02
1.011200e+01 9.762920e-01 4.342552e-03 -5.780099e-02 -9.619683e-03 -6.533173e-01 -1.676882e-02
1.012800e+01 9.763617e-01 4.352375e-03 -5.795253e-02 -9.471671e-03 -6.535933e-01 -1.725531e-02
1.014400e+01 9.764293e-01 4.223823e-03 -5.810179e-02 -9.328529e-03 -6.538788e-01 -1.784180e-02
1.016000e+01 9.764971e-01 4.242899e-03 -5.824940e-02 -9.225512e-03 -6.541736e-01 -1.842741e-02
1.017600e+01 9.765688e-01 4.475029e-03 -5.839402e-02 -9.039219e-03 -6.544758e-01 -1.888306e-02
1.019200e+01 9.766383e-01 4.349490e-03 -5.853454e-02 -8.782487e-03 -6.547876e-01 -1.948830e-02
1.020800e+01 9.767070e-01 4.292027e-03 -5.867071e-02 -8.510268e-03 -6.551088e-01 -2.007864e-02
1.022400e+01 9.767727e-01 4.104662e-03 -5.880221e-02 -8.219031e-03 -6.554364e-01 -2.047353e-02
1.024000e+01 9.768397e-01 4.186481e-03 -5.893009e-02 -7.992088e-03 -6.557729e-01 -2.103252e-02
1.025600e+01 9.769087e-01 4.313092e-03 -5.905181e-02 -7.607982e-03 -6.561190e-01 -2.162777e-02
1.027200e+01 9.769793e-01 4.416537e-03 -5.916700e-02 -7.198996e-03 -6.564736e-01 -2.216270e-02
1.028800e+01 9.770474e-01 4.255155e-03 -5.927842e-02 -6.964180e-03 -6.568352e-01 -2.260138e-02
1.030400e+01 9.771157e-01 4.264145e-03 -5.938405e-02 -6.601410e-03 -6.572055e-01 -2.314357e-02
1.032000e+01 9.771811e-01 4.087687e-03 -5.948354e-02 -6.218105e-03 -6.575842e-01 -2.366965e-02
1.033600e+01 9.772463e-01 4.074640e-03 -5.957913e-02 -5.974388e-03 -6.579712e-01 -2.418466e-02
1.035200e+01 9.773132e-01 4.182097e-03 -5.967057e-02 -5.715335e-03 -6.583668e-01 -2.472867e-02
1.036800e+01 9.773712e-01 3.627199e-03 -5.975501e-02 -5.277475e-03 -6.587692e-01 -2.514824e-02
1.038400e+01 9.773973e-01 1.632312e-03 -5.982883e-02 -4.613935e-03 -6.591746e-01 -2.533606e-02
1.040000e+01 9.773941e-01 -2.038849e-04 -5.989402e-02 -4.073899e-03 -6.595871e-01 -2.578136e-02
1.041600e+01 9.773642e-01 -1.864654e-03 -5.994746e-02 -3.340280e-03 -6.600059e-01 -2.617611e-02
1.043200e+01 9.773059e-01 -3.646378e-03 -5.998972e-02 -2.641437e-03 -6.604301e-01 -2.651305e-02
1.044800e+01 9.772235e-01 -5.149567e-03 -6.002265e-02 -2.057918e-03 -6.608587e-01 -2.678808e-02
1.046400e+01 9.771248e-01 -6.164996e-03 -6.004757e-02 -1.557678e-03 -6.612959e-01 -2.732660e-02
1.048000e+01 9.770155e-01 -6.833362e-03 -6.006634e-02 -1.172583e-03 -6.617391e-01 -2.769843e-02
1.049600e+01 9.769017e-01 -7.112009e-03 -6.008114e-02 -9.251307e-04 -6.621911e-01 -2.825078e-02
1.051200e+01 9.767876e-01 -7.131363e-03 -6.009306e-02 -7.451320e-04 -6.626547e-01 -2.897377e-02
1.052800e+01 9.766748e-01 -7.049697e-03 -6.010190e-02 -5.527587e-04 -6.631264e-01 -2.948158e-02
1.054400e+01 9.765635e-01 -6.955964e-03 -6.010652e-02 -2.883623e-04 -6.636080e-01 -3.010102e-02
1.056000e+01 9.764522e-01 -6.955993e-03 -6.010678e-02 -1.623850e-05 -6.640999e-01 -3.073966e-02
1.057600e+01 9.763306e-01 -7.604137e-03 -6.010188e-02 3.062873e-04 -6.645997e-01 -3.123997e-02
1.059200e+01 9.761917e-01 -8.680391e-03 -6.008968e-02 7.623634e-04 -6.651059e-01 -3.163419e-02
1.060800e+01 9.760204e-01 -1.070749e-02 -6.007160e-02 1.129738e-03 -6.656181e-01 -3.201693e-02
1.062400e+01 9.757985e-01 -1.386858e-02 -6.005026e-02 1.333964e-03 -6.661337e-01 -3.222061e-02
1.064000e+01 9.755162e-01 -1.764040e-02 -6.002322e-02 1.689937e-03 -6.666484e-01 -3.217007e-02
1.065600e+01 9.751617e-01 -2.215917e-02 -5.998983e-02 2.086718e-03 -6.671608e-01 -3.202679e-02
1.067200e+01 9.747135e-01 -2.800785e-02 -5.995073e-02 2.444108e-03 -6.676686e-01 -3.173682e-02
1.068800e+01 9.741845e-01 -3.306323e-02 -5.990698e-02 2.734283e-03 -6.681731e-01 -3.152883e-02
1.070400e+01 9.736017e-01 -3.642619e-02 -5.986036e-02 2.913841e-03 -6.686686e-01 -3.097133e-02
1.072000e+01 9.729809e-01 -3.880304e-02 -5.981421e-02 2.884234e-03 -6.691374e-01 -2.929962e-02
1.073600e+01 9.723443e-01 -3.978760e-02 -5.976833e-02 2.867352e-03 -6.695760e-01 -2.741358e-02
1.075200e+01 9.717120e-01 -3.951862e-02 -5.972371e-02 2.788780e-03 -6.699873e-01 -2.570395e-02
1.076800e+01 9.710917e-01 -3.876371e-02 -5.967725e-02 2.903930e-03 -6.703748e-01 -2.421902e-02
1.078400e+01 9.705110e-01 -3.629677e-02 -5.962928e-02 2.998265e-03 -6.707432e-01 -2.302717e-02
1.080000e+01 9.699679e-01 -3.394550e-02 -5.957680e-02 3.279557e-03 -6.710945e-01 -2.195650e-02
1.081600e+01 9.694552e-01 -3.203971e-02 -5.952081e-02 3.499788e-03 -6.714355e-01 -2.131353e-02
1.083200e+01 9.689527e-01 -3.140531e-02 -5.946296e-02 3.615647e-03 -6.717644e-01 -2.055615e-02
1.084800e+01 9.684670e-01 -3.036049e-02 -5.940486e-02 3.630906e-03 -6.720785e-01 -1.962684e-02
1.086400e+01 9.680018e-01 -2.907472e-02 -5.934384e-02 3.814155e-03 -6.723775e-01 -1.868810e-02
1.088000e+01 9.675289e-01 -2.955710e-02 -5.927910e-02 4.045721e-03 -6.726602e-01 -1.767158e-02
1.089600e+01 9.670794e-01 -2.809246e-02 -5.920966e-02 4.340190e-03 -6.729312e-01 -1.693758e-02
1.091200e+01 9.666547e-01 -2.654485e-02 -5.913266e-02 4.812290e-03 -6.731924e-01 -1.632161e-02
1.092800e+01 9.662578e-01 -2.480228e-02 -5.903935e-02 5.832327e-03 -6.734524e-01 -1.625424e-02
1.094400e+01 9.658889e-01 -2.306085e-02 -5.892933e-02 6.875825e-03 -6.737166e-01 -1.650877e-02
1.096000e+01 9.655376e-01 -2.195237e-02 -5.881675e-02 7.036663e-03 -6.739850e-01 -1.677398e-02
1.097600e+01 9.651964e-01 -2.132926e-02 -5.870320e-02 7.096867e-03 -6.742548e-01 -1.686265e-02
1.099200e+01 9.648486e-01 -2.173507e-02 -5.858146e-02 7.608694e-03 -6.745237e-01 -1.680876e-02
1.100800e+01 9.644919e-01 -2.229105e-02 -5.846103e-02 7.526773e-03 -6.748109e-01 -1.794962e-02
1.102400e+01 9.641328e-01 -2.244888e-02 -5.834414e-02 7.305779e-03 -6.751325e-01 -2.009972e-02
1.104000e+01 9.637702e-01 -2.265769e-02 -5.822868e-02 7.216127e-03 -6.754868e-01 -2.214674e-02
1.105600e+01 9.634045e-01 -2.285861e-02 -5.810568e-02 7.687770e-03 -6.758693e-01 -2.390302e-02
1.107200e+01 9.630421e-01 -2.264894e-02 -5.797904e-02 7.914784e-03 -6.762755e-01 -2.538618e-02
1.108800e+01 9.626881e-01 -2.212712e-02 -5.785708e-02 7.622324e-03 -6.767037e-01 -2.676367e-02
1.110400e+01 9.623424e-01 -2.160582e-02 -5.774167e-02 7.213445e-03 -6.771529e-01 -2.807458e-02
1.112000e+01 9.620025e-01 -2.124412e-02 -5.763126e-02 6.900299e-03 -6.776181e-01 -2.907742e-02
1.113600e+01 9.616684e-01 -2.088260e-02 -5.752311e-02 6.759201e-03 -6.780944e-01 -2.976685e-02
1.115200e+01 9.613388e-01 -2.059995e-02 -5.741650e-02 6.663338e-03 -6.785785e-01 -3.025761e-02
1.116800e+01 9.610145e-01 -2.026466e-02 -5.731206e-02 6.527415e-03 -6.790683e-01 -3.061477e-02
1.118400e+01 9.606912e-01 -2.020782e-02 -5.720816e-02 6.493769e-03 -6.795628e-01 -3.090489e-02
1.120000e+01 9.603628e-01 -2.052667e-02 -5.710624e-02 6.370114e-03 -6.800618e-01 -3.118500e-02
1.121600e+01 9.600292e-01 -2.084722e-02 -5.700759e-02 6.165507e-03 -6.805653e-01 -3.147188e-02
1.123200e+01 9.596930e-01 -2.101651e-02 -5.691047e-02 6.070220e-03 -6.810724e-01 -3.169447e-02
1.124800e+01 9.593565e-01 -2.102713e-02 -5.681421e-02 6.015979e-03 -6.815818e-01 -3.183280e-02
1.126400e+01 9.590159e-01 -2.128755e-02 -5.671875e-02 5.966225e-03 -6.820943e-01 -3.203363e-02
1.128000e+01 9.586692e-01 -2.166893e-02 -5.662657e-02 5.761732e-03 -6.826136e-01 -3.245790e-02
1.129600e+01 9.583186e-01 -2.191363e-02 -5.653708e-02 5.592953e-03 -6.831332e-01 -3.247053e-02
1.131200e+01 9.579692e-01 -2.183652e-02 -5.644816e-02 5.557375e-03 -6.836484e-01 -3.220139e-02
1.132800e+01 9.576164e-01 -2.204808e-02 -5.636050e-02 5.478646e-03 -6.841635e-01 -3.219793e-02
1.134400e+01 9.572632e-01 -2.208045e-02 -5.627613e-02 5.273414e-03 -6.846786e-01 -3.219252e-02
1.136000e+01 9.569105e-01 -2.203921e-02 -5.619437e-02 5.110146e-03 -6.851955e-01 -3.230678e-02
1.137600e+01 9.565561e-01 -2.214998e-02 -5.611257e-02 5.112493e-03 -6.857114e-01 -3.224323e-02
1.139200e+01 9.562005e-01 -2.222431e-02 -5.603338e-02 4.949027e-03 -6.862262e-01 -3.217430e-02
1.140800e+01 9.558409e-01 -2.247667e-02 -5.595503e-02 4.896675e-03 -6.867391e-01 -3.205696e-02
1.142400e+01 9.554766e-01 -2.276979e-02 -5.587863e-02 4.775070e-03 -6.872510e-01 -3.199444e-02
1.144000e+01 9.551084e-01 -2.301303e-02 -5.580286e-02 4.736110e-03 -6.877613e-01 -3.189419e-02
1.145600e+01 9.547347e-01 -2.335640e-02 -5.572741e-02 4.715188e-03 -6.882703e-01 -3.180782e-02
1.147200e+01 9.543557e-01 -2.368500e-02 -5.565438e-02 4.564389e-03 -6.887796e-01 -3.183264e-02
1.148800e+01 9.539736e-01 -2.388024e-02 -5.558423e-02 4.384508e-03 -6.892888e-01 -3.182572e-02
1.150400e+01 9.535931e-01 -2.378377e-02 -5.551492e-02 4.332118e-03 -6.897980e-01 -3.182354e-02
1.152000e+01 9.532165e-01 -2.354000e-02 -5.544561e-02 4.331324e-03 -6.903072e-01 -3.182732e-02
1.153600e+01 9.528406e-01 -2.349116e-02 -5.537727e-02 4.271801e-03 -6.908211e-01 -3.211559e-02
1.155200e+01 9.524683e-01 -2.327057e-02 -5.531026e-02 4.187892e-03 -6.913374e-01 -3.227334e-02
1.156800e+01 9.520988e-01 -2.309109e-02 -5.524371e-02 4.159519e-03 -6.918544e-01 -3.231179e-02
1.158400e+01 9.517346e-01 -2.276631e-02 -5.517709e-02 4.163452e-03 -6.923749e-01 -3.252624e-02
1.160000e+01 9.513705e-01 -2.275115e-02 -5.511137e-02 4.107567e-03 -6.928977e-01 -3.268110e-02
1.161600e+01 9.510091e-01 -2.258755e-02 -5.504580e-02 4.098183e-03 -6.934210e-01 -3.270068e-02
1.163200e+01 9.506518e-01 -2.233087e-02 -5.498055e-02 4.078206e-03 -6.939436e-01 -3.266531e-02
1.164800e+01 9.503003e-01 -2.196894e-02 -5.491589e-02 4.041194e-03 -6.944662e-01 -3.266177e-02
1.166400e+01 9.499523e-01 -2.175134e-02 -5.485146e-02 4.027151e-03 -6.949858e-01 -3.247282e-02
1.168000e+01 9.496083e-01 -2.150061e-02 -5.478643e-02 4.063887e-03 -6.955013e-01 -3.222080e-02
1.169600e+01 9.492709e-01 -2.108831e-02 -5.472178e-02 4.041146e-03 -6.960142e-01 -3.205978e-02
1.171200e+01 9.489370e-01 -2.086820e-02 -5.465812e-02 3.978237e-03 -6.965255e-01 -3.195302e-02
1.172800e+01 9.486085e-01 -2.052972e-02 -5.459550e-02 3.914073e-03 -6.970345e-01 -3.181497e-02
1.174400e+01 9.482813e-01 -2.045441e-02 -5.453303e-02 3.904242e-03 -6.975416e-01 -3.169171e-02
1.176000e+01 9.479587e-01 -2.016267e-02 -5.447310e-02 3.745731e-03 -6.980502e-01 -3.178491e-02
1.177600e+01 9.476405e-01 -1.988530e-02 -5.441611e-02 3.562039e-03 -6.985600e-01 -3.186345e-02
1.179200e+01 9.473215e-01 -1.993615e-02 -5.435913e-02 3.561040e-03 -6.990713e-01 -3.195554e-02
1.180800e+01 9.470049e-01 -1.978850e-02 -5.430272e-02 3.525371e-03 -6.995844e-01 -3.207174e-02
1.182400e+01 9.466922e-01 -1.954228e-02 -5.424972e-02 3.312521e-03 -7.001005e-01 -3.225589e-02
1.184000e+01 9.463832e-01 -1.931346e-02 -5.419727e-02 3.278506e-03 -7.006208e-01 -3.251946e-02
1.185600e+01 9.460728e-01 -1.939854e-02 -5.414488e-02 3.274460e-03 -7.011428e-01 -3.262079e-02
1.187200e+01 9.457617e-01 -1.944422e-02 -5.409477e-02 3.131555e-03 -7.016691e-01 -3.289453e-02
1.188800e+01 9.454533e-01 -1.927822e-02 -5.404728e-02 2.967945e-03 -7.021999e-01 -3.317900e-02
1.190400e+01 9.451467e-01 -1.916303e-02 -5.400068e-02 2.912639e-03 -7.027298e-01 -3.311906e-02
1.192000e+01 9.448402e-01 -1.915242e-02 -5.395342e-02 2.953640e-03 -7.032568e-01 -3.293840e-02
1.193600e+01 9.445325e-01 -1.923388e-02 -5.390777e-02 2.853298e-03 -7.037817e-01 -3.280387e-02
1.195200e+01 9.442284e-01 -1.900518e-02 -5.386324e-02 2.783376e-03 -7.043040e-01 -3.264207e-02
1.196800e+01 9.439281e-01 -1.877161e-02 -5.381865e-02 2.786952e-03 -7.048187e-01 -3.217143e-02
1.198400e+01 9.436311e-01 -1.856128e-02 -5.377513e-02 2.719969e-03 -7.053257e-01 -3.168898e-02
