# Time-series file. Body: 3.000000, Strike: 12.000000, Dip: 0.000000
# This is the file header:
# problem=TPV205
# author=D. Roten
# date=Tue Nov 17 12:01:58 2009
# code=FD3D-SGSN
# code_version=2.4.6_ETH with cohesion
# element_size=100 m
# time_step=0.016000
# num_time_step=12000.000000
# Column #1 = Time (s)
# Column #2 = horizontal displacement (m)
# Column #3 = horizontal velocity (m/s)
# Column #4 = vertical displacement (m)
# Column #5 = vertical velocity (m/s)
# Column #6 = normal displacement (m)
# Column #7 = normal velocity (m/s)
# The line below lists the names of the data fields.
#t  h-disp  h-vel  v-disp  v-vel  n-disp  n-vel
0.000000e+00 0.000000e+00 0.000000e+00 -0.000000e+00 -0.000000e+00 0.000000e+00 0.000000e+00
1.600000e-02 0.000000e+00 0.000000e+00 -0.000000e+00 -0.000000e+00 0.000000e+00 0.000000e+00
3.200000e-02 0.000000e+00 0.000000e+00 -0.000000e+00 -0.000000e+00 0.000000e+00 0.000000e+00
4.800000e-02 0.000000e+00 0.000000e+00 -0.000000e+00 -0.000000e+00 0.000000e+00 0.000000e+00
6.400000e-02 0.000000e+00 0.000000e+00 -0.000000e+00 -0.000000e+00 0.000000e+00 0.000000e+00
8.000000e-02 0.000000e+00 0.000000e+00 -0.000000e+00 -0.000000e+00 0.000000e+00 0.000000e+00
9.600000e-02 0.000000e+00 0.000000e+00 -0.000000e+00 -0.000000e+00 0.000000e+00 0.000000e+00
1.120000e-01 0.000000e+00 0.000000e+00 -0.000000e+00 -0.000000e+00 0.000000e+00 0.000000e+00
1.280000e-01 0.000000e+00 0.000000e+00 -0.000000e+00 -0.000000e+00 0.000000e+00 0.000000e+00
1.440000e-01 0.000000e+00 0.000000e+00 -0.000000e+00 -0.000000e+00 0.000000e+00 0.000000e+00
1.600000e-01 0.000000e+00 0.000000e+00 -0.000000e+00 -0.000000e+00 0.000000e+00 0.000000e+00
1.760000e-01 0.000000e+00 0.000000e+00 -0.000000e+00 -0.000000e+00 0.000000e+00 0.000000e+00
1.920000e-01 0.000000e+00 0.000000e+00 -0.000000e+00 -0.000000e+00 0.000000e+00 0.000000e+00
2.080000e-01 0.000000e+00 0.000000e+00 -0.000000e+00 -0.000000e+00 0.000000e+00 0.000000e+00
2.240000e-01 0.000000e+00 0.000000e+00 -0.000000e+00 -0.000000e+00 0.000000e+00 0.000000e+00
2.400000e-01 0.000000e+00 0.000000e+00 -0.000000e+00 -0.000000e+00 0.000000e+00 0.000000e+00
2.560000e-01 0.000000e+00 0.000000e+00 -0.000000e+00 -0.000000e+00 0.000000e+00 0.000000e+00
2.720000e-01 0.000000e+00 0.000000e+00 -0.000000e+00 -0.000000e+00 0.000000e+00 0.000000e+00
2.880000e-01 0.000000e+00 0.000000e+00 -0.000000e+00 -0.000000e+00 0.000000e+00 0.000000e+00
3.040000e-01 0.000000e+00 0.000000e+00 -0.000000e+00 -0.000000e+00 0.000000e+00 0.000000e+00
3.200000e-01 0.000000e+00 0.000000e+00 -0.000000e+00 -0.000000e+00 0.000000e+00 0.000000e+00
3.360000e-01 0.000000e+00 0.000000e+00 -0.000000e+00 -0.000000e+00 0.000000e+00 0.000000e+00
3.520000e-01 0.000000e+00 0.000000e+00 -0.000000e+00 -0.000000e+00 0.000000e+00 0.000000e+00
3.680000e-01 0.000000e+00 0.000000e+00 -0.000000e+00 -0.000000e+00 0.000000e+00 0.000000e+00
3.840000e-01 0.000000e+00 0.000000e+00 -0.000000e+00 -0.000000e+00 0.000000e+00 0.000000e+00
4.000000e-01 0.000000e+00 0.000000e+00 -0.000000e+00 -0.000000e+00 0.000000e+00 0.000000e+00
4.160000e-01 0.000000e+00 0.000000e+00 -0.000000e+00 -0.000000e+00 0.000000e+00 0.000000e+00
4.320000e-01 0.000000e+00 0.000000e+00 -0.000000e+00 -0.000000e+00 0.000000e+00 0.000000e+00
4.480000e-01 0.000000e+00 0.000000e+00 -0.000000e+00 -0.000000e+00 0.000000e+00 0.000000e+00
4.640000e-01 0.000000e+00 0.000000e+00 -0.000000e+00 -0.000000e+00 0.000000e+00 0.000000e+00
4.800000e-01 0.000000e+00 0.000000e+00 -0.000000e+00 -0.000000e+00 0.000000e+00 0.000000e+00
4.960000e-01 0.000000e+00 0.000000e+00 -0.000000e+00 -0.000000e+00 0.000000e+00 0.000000e+00
5.120000e-01 0.000000e+00 0.000000e+00 -0.000000e+00 -0.000000e+00 0.000000e+00 0.000000e+00
5.280000e-01 0.000000e+00 0.000000e+00 -0.000000e+00 -0.000000e+00 0.000000e+00 0.000000e+00
5.440000e-01 0.000000e+00 0.000000e+00 -0.000000e+00 -0.000000e+00 0.000000e+00 0.000000e+00
5.600000e-01 0.000000e+00 0.000000e+00 -0.000000e+00 -0.000000e+00 0.000000e+00 0.000000e+00
5.760000e-01 0.000000e+00 0.000000e+00 -0.000000e+00 -0.000000e+00 0.000000e+00 0.000000e+00
5.920000e-01 0.000000e+00 0.000000e+00 -0.000000e+00 -0.000000e+00 0.000000e+00 0.000000e+00
6.080000e-01 0.000000e+00 0.000000e+00 -0.000000e+00 -0.000000e+00 0.000000e+00 0.000000e+00
6.240000e-01 0.000000e+00 0.000000e+00 -0.000000e+00 -0.000000e+00 0.000000e+00 0.000000e+00
6.400000e-01 0.000000e+00 0.000000e+00 -0.000000e+00 -0.000000e+00 0.000000e+00 0.000000e+00
6.560000e-01 0.000000e+00 0.000000e+00 -0.000000e+00 -0.000000e+00 0.000000e+00 0.000000e+00
6.720000e-01 0.000000e+00 0.000000e+00 -0.000000e+00 -0.000000e+00 0.000000e+00 0.000000e+00
6.880000e-01 0.000000e+00 0.000000e+00 -0.000000e+00 -0.000000e+00 0.000000e+00 0.000000e+00
7.040000e-01 0.000000e+00 0.000000e+00 -0.000000e+00 -0.000000e+00 0.000000e+00 0.000000e+00
7.200000e-01 0.000000e+00 0.000000e+00 -0.000000e+00 -0.000000e+00 0.000000e+00 0.000000e+00
7.360000e-01 0.000000e+00 0.000000e+00 -0.000000e+00 -0.000000e+00 0.000000e+00 0.000000e+00
7.520000e-01 0.000000e+00 0.000000e+00 -0.000000e+00 -0.000000e+00 0.000000e+00 0.000000e+00
7.680000e-01 0.000000e+00 0.000000e+00 -0.000000e+00 -0.000000e+00 0.000000e+00 0.000000e+00
7.840000e-01 0.000000e+00 0.000000e+00 -0.000000e+00 -0.000000e+00 0.000000e+00 0.000000e+00
8.000000e-01 0.000000e+00 0.000000e+00 -0.000000e+00 -0.000000e+00 0.000000e+00 0.000000e+00
8.160000e-01 0.000000e+00 0.000000e+00 -0.000000e+00 -0.000000e+00 0.000000e+00 0.000000e+00
8.320000e-01 0.000000e+00 0.000000e+00 -0.000000e+00 -0.000000e+00 0.000000e+00 0.000000e+00
8.480000e-01 0.000000e+00 0.000000e+00 -0.000000e+00 -0.000000e+00 0.000000e+00 0.000000e+00
8.640000e-01 0.000000e+00 0.000000e+00 -0.000000e+00 -0.000000e+00 0.000000e+00 0.000000e+00
8.800000e-01 0.000000e+00 0.000000e+00 -0.000000e+00 -0.000000e+00 0.000000e+00 0.000000e+00
8.960000e-01 0.000000e+00 0.000000e+00 -0.000000e+00 -0.000000e+00 0.000000e+00 0.000000e+00
9.120000e-01 0.000000e+00 0.000000e+00 -0.000000e+00 -0.000000e+00 0.000000e+00 0.000000e+00
9.280000e-01 0.000000e+00 0.000000e+00 -0.000000e+00 -0.000000e+00 0.000000e+00 0.000000e+00
9.440000e-01 0.000000e+00 0.000000e+00 -0.000000e+00 -0.000000e+00 0.000000e+00 0.000000e+00
9.600000e-01 0.000000e+00 0.000000e+00 -0.000000e+00 -0.000000e+00 0.000000e+00 0.000000e+00
9.760000e-01 0.000000e+00 0.000000e+00 -0.000000e+00 -0.000000e+00 0.000000e+00 0.000000e+00
9.920000e-01 0.000000e+00 0.000000e+00 -0.000000e+00 -0.000000e+00 0.000000e+00 0.000000e+00
1.008000e+00 0.000000e+00 0.000000e+00 -0.000000e+00 -0.000000e+00 0.000000e+00 0.000000e+00
1.024000e+00 0.000000e+00 0.000000e+00 -0.000000e+00 -0.000000e+00 0.000000e+00 0.000000e+00
1.040000e+00 0.000000e+00 0.000000e+00 -0.000000e+00 -0.000000e+00 0.000000e+00 0.000000e+00
1.056000e+00 0.000000e+00 0.000000e+00 -0.000000e+00 -0.000000e+00 0.000000e+00 0.000000e+00
1.072000e+00 0.000000e+00 0.000000e+00 -0.000000e+00 -0.000000e+00 0.000000e+00 0.000000e+00
1.088000e+00 0.000000e+00 0.000000e+00 -0.000000e+00 -0.000000e+00 0.000000e+00 0.000000e+00
1.104000e+00 0.000000e+00 0.000000e+00 -0.000000e+00 -0.000000e+00 0.000000e+00 0.000000e+00
1.120000e+00 0.000000e+00 0.000000e+00 -0.000000e+00 -0.000000e+00 0.000000e+00 0.000000e+00
1.136000e+00 0.000000e+00 0.000000e+00 -0.000000e+00 -0.000000e+00 0.000000e+00 0.000000e+00
1.152000e+00 0.000000e+00 0.000000e+00 -0.000000e+00 -0.000000e+00 0.000000e+00 0.000000e+00
1.168000e+00 0.000000e+00 0.000000e+00 -0.000000e+00 -0.000000e+00 0.000000e+00 0.000000e+00
1.184000e+00 0.000000e+00 0.000000e+00 -0.000000e+00 -0.000000e+00 0.000000e+00 0.000000e+00
1.200000e+00 0.000000e+00 0.000000e+00 -0.000000e+00 -0.000000e+00 0.000000e+00 0.000000e+00
1.216000e+00 0.000000e+00 0.000000e+00 -0.000000e+00 -0.000000e+00 0.000000e+00 0.000000e+00
1.232000e+00 0.000000e+00 0.000000e+00 -0.000000e+00 -0.000000e+00 0.000000e+00 0.000000e+00
1.248000e+00 0.000000e+00 0.000000e+00 -0.000000e+00 -0.000000e+00 0.000000e+00 0.000000e+00
1.264000e+00 0.000000e+00 0.000000e+00 -0.000000e+00 -0.000000e+00 0.000000e+00 0.000000e+00
1.280000e+00 0.000000e+00 0.000000e+00 -0.000000e+00 -0.000000e+00 0.000000e+00 0.000000e+00
1.296000e+00 0.000000e+00 0.000000e+00 -0.000000e+00 -0.000000e+00 0.000000e+00 0.000000e+00
1.312000e+00 0.000000e+00 0.000000e+00 -0.000000e+00 -0.000000e+00 0.000000e+00 0.000000e+00
1.328000e+00 0.000000e+00 0.000000e+00 -0.000000e+00 -0.000000e+00 0.000000e+00 0.000000e+00
1.344000e+00 0.000000e+00 0.000000e+00 -0.000000e+00 -0.000000e+00 0.000000e+00 0.000000e+00
1.360000e+00 0.000000e+00 0.000000e+00 -0.000000e+00 -0.000000e+00 0.000000e+00 0.000000e+00
1.376000e+00 0.000000e+00 0.000000e+00 -0.000000e+00 -0.000000e+00 0.000000e+00 0.000000e+00
1.392000e+00 0.000000e+00 0.000000e+00 -0.000000e+00 -0.000000e+00 0.000000e+00 0.000000e+00
1.408000e+00 0.000000e+00 0.000000e+00 -0.000000e+00 -0.000000e+00 0.000000e+00 0.000000e+00
1.424000e+00 0.000000e+00 0.000000e+00 -0.000000e+00 -0.000000e+00 0.000000e+00 0.000000e+00
1.440000e+00 0.000000e+00 0.000000e+00 -0.000000e+00 -0.000000e+00 0.000000e+00 0.000000e+00
1.456000e+00 0.000000e+00 0.000000e+00 -0.000000e+00 -0.000000e+00 0.000000e+00 0.000000e+00
1.472000e+00 0.000000e+00 0.000000e+00 -0.000000e+00 -0.000000e+00 0.000000e+00 0.000000e+00
1.488000e+00 0.000000e+00 0.000000e+00 -0.000000e+00 -0.000000e+00 0.000000e+00 0.000000e+00
1.504000e+00 0.000000e+00 0.000000e+00 -0.000000e+00 -0.000000e+00 0.000000e+00 0.000000e+00
1.520000e+00 0.000000e+00 0.000000e+00 -0.000000e+00 -0.000000e+00 0.000000e+00 0.000000e+00
1.536000e+00 0.000000e+00 0.000000e+00 -0.000000e+00 -0.000000e+00 0.000000e+00 0.000000e+00
1.552000e+00 0.000000e+00 0.000000e+00 -0.000000e+00 -0.000000e+00 0.000000e+00 0.000000e+00
1.568000e+00 0.000000e+00 0.000000e+00 -0.000000e+00 -0.000000e+00 0.000000e+00 0.000000e+00
1.584000e+00 0.000000e+00 0.000000e+00 -0.000000e+00 -0.000000e+00 0.000000e+00 0.000000e+00
1.600000e+00 0.000000e+00 0.000000e+00 -0.000000e+00 -0.000000e+00 0.000000e+00 0.000000e+00
1.616000e+00 0.000000e+00 0.000000e+00 -0.000000e+00 -0.000000e+00 0.000000e+00 0.000000e+00
1.632000e+00 0.000000e+00 0.000000e+00 -0.000000e+00 -0.000000e+00 0.000000e+00 0.000000e+00
1.648000e+00 0.000000e+00 0.000000e+00 -0.000000e+00 -0.000000e+00 0.000000e+00 0.000000e+00
1.664000e+00 0.000000e+00 0.000000e+00 -0.000000e+00 -0.000000e+00 0.000000e+00 0.000000e+00
1.680000e+00 0.000000e+00 0.000000e+00 -0.000000e+00 -0.000000e+00 0.000000e+00 0.000000e+00
1.696000e+00 0.000000e+00 0.000000e+00 -0.000000e+00 -0.000000e+00 0.000000e+00 0.000000e+00
1.712000e+00 0.000000e+00 0.000000e+00 -0.000000e+00 -0.000000e+00 0.000000e+00 0.000000e+00
1.728000e+00 0.000000e+00 0.000000e+00 -0.000000e+00 -0.000000e+00 0.000000e+00 0.000000e+00
1.744000e+00 0.000000e+00 0.000000e+00 -0.000000e+00 -0.000000e+00 0.000000e+00 0.000000e+00
1.760000e+00 7.516443e-39 4.697777e-37 3.700874e-39 2.313046e-37 -5.098086e-39 -3.186304e-37
1.776000e+00 -4.066116e-37 -2.588300e-35 4.398763e-37 2.726097e-35 -7.065813e-37 -4.384270e-35
1.792000e+00 -1.939483e-34 -1.209635e-32 -7.620427e-35 -4.790259e-33 9.514259e-35 5.990573e-33
1.808000e+00 -8.240487e-33 -5.029086e-31 -9.572408e-33 -5.935127e-31 1.360935e-32 8.446377e-31
1.824000e+00 9.265896e-31 5.842688e-29 5.091638e-32 3.780549e-30 2.217251e-32 5.351979e-31
1.840000e+00 7.820366e-29 4.829817e-27 4.954728e-29 3.093523e-27 -6.643993e-29 -4.153882e-27
1.856000e+00 -3.917431e-28 -2.937167e-26 1.523656e-27 9.213178e-26 -2.350260e-27 -1.427388e-25
1.872000e+00 -1.878125e-25 -1.171380e-23 -7.458993e-26 -4.757099e-24 9.097753e-26 5.832987e-24
1.888000e+00 -3.611772e-24 -2.139974e-22 -4.658980e-24 -2.865244e-22 6.001799e-24 3.694263e-22
1.904000e+00 -1.309883e-22 -7.961035e-21 -2.036782e-22 -1.243870e-20 3.456232e-23 1.785032e-21
1.920000e+00 -1.454131e-19 -9.080134e-18 -5.715334e-20 -3.559354e-18 -2.254309e-21 -1.430545e-19
1.936000e+00 -3.362743e-17 -2.092626e-15 -2.109173e-17 -1.314661e-15 2.224084e-18 1.391461e-16
1.952000e+00 -5.056466e-16 -2.950120e-14 -6.403537e-15 -3.989028e-13 1.378012e-15 8.598673e-14
1.968000e+00 7.918171e-13 4.952017e-11 -7.964528e-13 -4.937808e-11 2.181165e-13 1.354616e-11
1.984000e+00 4.136318e-11 2.535710e-09 -4.599448e-12 -2.376872e-10 2.468684e-12 1.406605e-10
2.000000e+00 -8.768585e-10 -5.738886e-08 1.037347e-09 6.512165e-08 -2.513533e-10 -1.586388e-08
2.016000e+00 2.856256e-09 2.333197e-07 -4.120549e-09 -3.223685e-07 1.410608e-09 1.038726e-07
2.032000e+00 -6.977258e-09 -6.145946e-07 8.590486e-10 3.112249e-07 -4.007625e-10 -1.132106e-07
2.048000e+00 -1.094530e-08 -2.480024e-07 1.170202e-09 1.944711e-08 -6.354904e-11 2.107584e-08
2.064000e+00 2.799216e-08 2.433591e-06 -1.697287e-08 -1.133942e-06 7.216080e-09 4.549768e-07
2.080000e+00 3.549297e-07 2.043359e-05 -2.024566e-07 -1.159273e-05 8.868514e-08 5.091816e-06
2.096000e+00 1.029423e-06 4.215585e-05 -5.919521e-07 -2.434347e-05 2.508781e-07 1.013706e-05
2.112000e+00 2.096308e-06 6.668031e-05 -1.208934e-06 -3.856139e-05 4.922486e-07 1.508565e-05
2.128000e+00 3.602879e-06 9.416066e-05 -2.085497e-06 -5.478513e-05 8.111904e-07 1.993387e-05
2.144000e+00 5.606055e-06 1.251985e-04 -3.252726e-06 -7.295186e-05 1.205901e-06 2.466940e-05
2.160000e+00 8.169531e-06 1.602172e-04 -4.751261e-06 -9.365842e-05 1.675386e-06 2.934285e-05
2.176000e+00 1.136739e-05 1.998660e-04 -6.623138e-06 -1.169923e-04 2.218135e-06 3.392180e-05
2.192000e+00 1.528324e-05 2.447408e-04 -8.921157e-06 -1.436262e-04 2.833550e-06 3.846342e-05
2.208000e+00 2.001508e-05 2.957397e-04 -1.170080e-05 -1.737278e-04 3.520747e-06 4.294984e-05
2.224000e+00 2.567187e-05 3.535497e-04 -1.503119e-05 -2.081491e-04 4.279375e-06 4.741423e-05
2.240000e+00 3.238165e-05 4.193614e-04 -1.898660e-05 -2.472136e-04 5.109391e-06 5.187601e-05
2.256000e+00 4.029212e-05 4.944038e-04 -2.365331e-05 -2.916688e-04 6.011250e-06 5.636620e-05
2.272000e+00 4.956542e-05 5.795818e-04 -2.913265e-05 -3.424592e-04 6.984209e-06 6.080994e-05
2.288000e+00 6.039682e-05 6.769624e-04 -3.553830e-05 -4.003530e-04 8.034120e-06 6.561940e-05
2.304000e+00 7.298699e-05 7.868858e-04 -4.298421e-05 -4.653695e-04 9.152399e-06 6.989247e-05
2.320000e+00 8.760857e-05 9.138483e-04 -5.165038e-05 -5.416352e-04 1.035056e-05 7.488475e-05
2.336000e+00 1.046292e-04 1.063793e-03 -6.175913e-05 -6.317970e-04 1.164809e-05 8.109606e-05
2.352000e+00 1.242364e-04 1.225447e-03 -7.338829e-05 -7.268227e-04 1.301573e-05 8.547743e-05
2.368000e+00 1.466847e-04 1.403021e-03 -8.669080e-05 -8.314068e-04 1.442265e-05 8.793226e-05
2.384000e+00 1.723123e-04 1.601722e-03 -1.018356e-04 -9.465499e-04 1.586553e-05 9.018018e-05
2.400000e+00 2.016221e-04 1.831862e-03 -1.191193e-04 -1.080228e-03 1.735081e-05 9.283005e-05
2.416000e+00 2.351012e-04 2.092444e-03 -1.388111e-04 -1.230742e-03 1.888013e-05 9.558261e-05
2.432000e+00 2.736117e-04 2.406908e-03 -1.614335e-04 -1.413898e-03 2.053429e-05 1.033848e-04
2.448000e+00 3.178248e-04 2.763318e-03 -1.873483e-04 -1.619676e-03 2.230225e-05 1.104973e-04
2.464000e+00 3.686880e-04 3.178953e-03 -2.171492e-04 -1.862554e-03 2.423950e-05 1.210785e-04
2.480000e+00 4.267265e-04 3.627402e-03 -2.511639e-04 -2.125918e-03 2.627215e-05 1.270403e-04
2.496000e+00 4.934461e-04 4.169980e-03 -2.901515e-04 -2.436725e-03 2.851448e-05 1.401460e-04
2.512000e+00 5.700809e-04 4.789675e-03 -3.351258e-04 -2.810896e-03 3.100600e-05 1.557197e-04
2.528000e+00 6.576968e-04 5.475993e-03 -3.865932e-04 -3.216712e-03 3.370843e-05 1.689022e-04
2.544000e+00 7.577182e-04 6.251333e-03 -4.454673e-04 -3.679631e-03 3.662812e-05 1.824806e-04
2.560000e+00 8.727467e-04 7.189285e-03 -5.130318e-04 -4.222783e-03 4.000972e-05 2.113500e-04
2.576000e+00 1.004751e-03 8.250271e-03 -5.905776e-04 -4.846609e-03 4.384723e-05 2.398441e-04
2.592000e+00 1.157085e-03 9.520871e-03 -6.803491e-04 -5.610719e-03 4.848116e-05 2.896210e-04
2.608000e+00 1.333491e-03 1.102536e-02 -7.843600e-04 -6.500684e-03 5.415932e-05 3.548845e-04
2.624000e+00 1.538864e-03 1.283586e-02 -9.053195e-04 -7.559968e-03 6.117056e-05 4.382025e-04
2.640000e+00 1.778606e-03 1.498384e-02 -1.046908e-03 -8.849294e-03 7.040711e-05 5.772845e-04
2.656000e+00 2.059169e-03 1.753518e-02 -1.213160e-03 -1.039075e-02 8.226371e-05 7.410377e-04
2.672000e+00 2.397318e-03 2.113434e-02 -1.413452e-03 -1.251826e-02 9.912793e-05 1.054013e-03
2.688000e+00 2.753790e-03 2.227947e-02 -1.625358e-03 -1.324412e-02 1.109027e-04 7.359249e-04
2.704000e+00 3.093039e-03 2.120310e-02 -1.826186e-03 -1.255172e-02 1.062616e-04 -2.900682e-04
2.720000e+00 3.423085e-03 2.062785e-02 -2.020621e-03 -1.215220e-02 8.790088e-05 -1.147547e-03
2.736000e+00 3.749273e-03 2.038674e-02 -2.211625e-03 -1.193775e-02 5.786885e-05 -1.877002e-03
2.752000e+00 4.073759e-03 2.028037e-02 -2.400974e-03 -1.183430e-02 1.709397e-05 -2.548430e-03
2.768000e+00 4.398528e-03 2.029807e-02 -2.590088e-03 -1.181962e-02 -3.363880e-05 -3.170798e-03
2.784000e+00 4.722967e-03 2.027747e-02 -2.778640e-03 -1.178452e-02 -9.425266e-05 -3.788366e-03
2.800000e+00 5.047256e-03 2.026804e-02 -2.965698e-03 -1.169111e-02 -1.645831e-04 -4.395652e-03
2.816000e+00 5.370206e-03 2.018435e-02 -3.150961e-03 -1.157898e-02 -2.447054e-04 -5.007647e-03
2.832000e+00 5.691486e-03 2.008002e-02 -3.335478e-03 -1.153232e-02 -3.344773e-04 -5.610740e-03
2.848000e+00 6.010367e-03 1.993008e-02 -3.517220e-03 -1.135887e-02 -4.339219e-04 -6.215290e-03
2.864000e+00 6.327249e-03 1.980511e-02 -3.697540e-03 -1.127000e-02 -5.426616e-04 -6.796228e-03
2.880000e+00 6.641140e-03 1.961820e-02 -3.875038e-03 -1.109358e-02 -6.607460e-04 -7.380277e-03
2.896000e+00 6.954203e-03 1.956642e-02 -4.051213e-03 -1.101098e-02 -7.873514e-04 -7.912840e-03
2.912000e+00 7.265434e-03 1.945191e-02 -4.226253e-03 -1.093999e-02 -9.224823e-04 -8.445679e-03
2.928000e+00 7.576555e-03 1.944507e-02 -4.400302e-03 -1.087804e-02 -1.065670e-03 -8.949228e-03
2.944000e+00 7.886699e-03 1.938405e-02 -4.574549e-03 -1.089046e-02 -1.216694e-03 -9.438993e-03
2.960000e+00 8.195885e-03 1.932412e-02 -4.746008e-03 -1.071619e-02 -1.375558e-03 -9.929022e-03
2.976000e+00 8.505794e-03 1.936930e-02 -4.918559e-03 -1.078440e-02 -1.541614e-03 -1.037848e-02
2.992000e+00 8.816931e-03 1.944602e-02 -5.091895e-03 -1.083352e-02 -1.714633e-03 -1.081369e-02
3.008000e+00 9.127092e-03 1.938511e-02 -5.263138e-03 -1.070271e-02 -1.895042e-03 -1.127554e-02
3.024000e+00 9.439829e-03 1.954603e-02 -5.435876e-03 -1.079609e-02 -2.081733e-03 -1.166824e-02
3.040000e+00 9.754002e-03 1.963581e-02 -5.608327e-03 -1.077823e-02 -2.275053e-03 -1.208248e-02
3.056000e+00 1.007082e-02 1.980089e-02 -5.783796e-03 -1.096678e-02 -2.474335e-03 -1.245513e-02
3.072000e+00 1.039308e-02 2.014152e-02 -5.961411e-03 -1.110092e-02 -2.679350e-03 -1.281344e-02
3.088000e+00 1.071835e-02 2.032917e-02 -6.141462e-03 -1.125321e-02 -2.890426e-03 -1.319223e-02
3.104000e+00 1.104920e-02 2.067811e-02 -6.323301e-03 -1.136493e-02 -3.107057e-03 -1.353942e-02
3.120000e+00 1.138466e-02 2.096629e-02 -6.510094e-03 -1.167459e-02 -3.329149e-03 -1.388079e-02
3.136000e+00 1.172759e-02 2.143322e-02 -6.700050e-03 -1.187225e-02 -3.556572e-03 -1.421390e-02
3.152000e+00 1.207604e-02 2.177845e-02 -6.896591e-03 -1.228378e-02 -3.789240e-03 -1.454177e-02
3.168000e+00 1.243258e-02 2.228368e-02 -7.096437e-03 -1.249041e-02 -4.027215e-03 -1.487346e-02
3.184000e+00 1.279706e-02 2.277976e-02 -7.302167e-03 -1.285810e-02 -4.270261e-03 -1.519032e-02
3.200000e+00 1.316976e-02 2.329359e-02 -7.513914e-03 -1.323420e-02 -4.518479e-03 -1.551364e-02
3.216000e+00 1.355299e-02 2.395214e-02 -7.729705e-03 -1.348695e-02 -4.771733e-03 -1.582838e-02
3.232000e+00 1.394422e-02 2.445191e-02 -7.951820e-03 -1.388220e-02 -5.030424e-03 -1.616820e-02
3.248000e+00 1.434623e-02 2.512581e-02 -8.177761e-03 -1.412126e-02 -5.294290e-03 -1.649161e-02
3.264000e+00 1.475871e-02 2.577959e-02 -8.411261e-03 -1.459376e-02 -5.563266e-03 -1.681098e-02
3.280000e+00 1.518181e-02 2.644393e-02 -8.651462e-03 -1.501255e-02 -5.837834e-03 -1.716051e-02
3.296000e+00 1.561580e-02 2.712441e-02 -8.899159e-03 -1.548109e-02 -6.117811e-03 -1.749855e-02
3.312000e+00 1.606161e-02 2.786280e-02 -9.154432e-03 -1.595457e-02 -6.403310e-03 -1.784372e-02
3.328000e+00 1.651989e-02 2.864293e-02 -9.417271e-03 -1.642741e-02 -6.694480e-03 -1.819809e-02
3.344000e+00 1.698974e-02 2.936568e-02 -9.688293e-03 -1.693887e-02 -6.991493e-03 -1.856336e-02
3.360000e+00 1.747168e-02 3.012084e-02 -9.966243e-03 -1.737192e-02 -7.294541e-03 -1.894048e-02
3.376000e+00 1.796755e-02 3.099173e-02 -1.025210e-02 -1.786624e-02 -7.603269e-03 -1.929552e-02
3.392000e+00 1.847644e-02 3.180604e-02 -1.054667e-02 -1.841014e-02 -7.918195e-03 -1.968286e-02
3.408000e+00 1.900079e-02 3.277160e-02 -1.085004e-02 -1.896067e-02 -8.239074e-03 -2.005493e-02
3.424000e+00 1.953829e-02 3.359370e-02 -1.116370e-02 -1.960399e-02 -8.566509e-03 -2.046468e-02
3.440000e+00 2.009277e-02 3.465519e-02 -1.148485e-02 -2.007194e-02 -8.900392e-03 -2.086771e-02
3.456000e+00 2.066268e-02 3.561924e-02 -1.181861e-02 -2.085985e-02 -9.240491e-03 -2.125615e-02
3.472000e+00 2.124930e-02 3.666395e-02 -1.216098e-02 -2.139850e-02 -9.587598e-03 -2.169418e-02
3.488000e+00 2.185273e-02 3.771446e-02 -1.251415e-02 -2.207302e-02 -9.941488e-03 -2.211812e-02
3.504000e+00 2.247232e-02 3.872410e-02 -1.287858e-02 -2.277681e-02 -1.030269e-02 -2.257494e-02
3.520000e+00 2.311060e-02 3.989283e-02 -1.325460e-02 -2.350094e-02 -1.067065e-02 -2.299780e-02
3.536000e+00 2.376712e-02 4.103209e-02 -1.364246e-02 -2.424144e-02 -1.104617e-02 -2.347003e-02
3.552000e+00 2.444278e-02 4.222922e-02 -1.404297e-02 -2.503199e-02 -1.142925e-02 -2.394255e-02
3.568000e+00 2.513634e-02 4.334725e-02 -1.445554e-02 -2.578582e-02 -1.182057e-02 -2.445704e-02
3.584000e+00 2.585047e-02 4.463303e-02 -1.487887e-02 -2.645766e-02 -1.221965e-02 -2.494296e-02
3.600000e+00 2.658365e-02 4.582401e-02 -1.531429e-02 -2.721375e-02 -1.262637e-02 -2.541993e-02
3.616000e+00 2.733790e-02 4.714035e-02 -1.576251e-02 -2.801405e-02 -1.304024e-02 -2.586708e-02
3.632000e+00 2.811269e-02 4.842423e-02 -1.622524e-02 -2.892029e-02 -1.346158e-02 -2.633329e-02
3.648000e+00 2.891016e-02 4.984237e-02 -1.670388e-02 -2.991515e-02 -1.389012e-02 -2.678417e-02
3.664000e+00 2.972944e-02 5.120454e-02 -1.719740e-02 -3.084512e-02 -1.432650e-02 -2.727333e-02
3.680000e+00 3.057213e-02 5.266858e-02 -1.770512e-02 -3.173231e-02 -1.477027e-02 -2.773583e-02
3.696000e+00 3.143726e-02 5.407071e-02 -1.822660e-02 -3.259291e-02 -1.522202e-02 -2.823447e-02
3.712000e+00 3.232732e-02 5.562871e-02 -1.876329e-02 -3.354280e-02 -1.568082e-02 -2.867460e-02
3.728000e+00 3.324377e-02 5.727784e-02 -1.931383e-02 -3.440860e-02 -1.614711e-02 -2.914308e-02
3.744000e+00 3.418629e-02 5.890753e-02 -1.988374e-02 -3.561926e-02 -1.662023e-02 -2.957042e-02
3.760000e+00 3.515811e-02 6.073877e-02 -2.046945e-02 -3.660706e-02 -1.710054e-02 -3.001948e-02
3.776000e+00 3.615682e-02 6.241950e-02 -2.107680e-02 -3.795962e-02 -1.758766e-02 -3.044453e-02
3.792000e+00 3.718647e-02 6.435271e-02 -2.170128e-02 -3.903014e-02 -1.808127e-02 -3.085073e-02
3.808000e+00 3.824709e-02 6.628891e-02 -2.234389e-02 -4.016316e-02 -1.858107e-02 -3.123784e-02
3.824000e+00 3.934125e-02 6.838504e-02 -2.300589e-02 -4.137481e-02 -1.908619e-02 -3.156997e-02
3.840000e+00 4.047266e-02 7.071317e-02 -2.368657e-02 -4.254260e-02 -1.959615e-02 -3.187237e-02
3.856000e+00 4.164325e-02 7.316215e-02 -2.439162e-02 -4.406548e-02 -2.010955e-02 -3.208726e-02
3.872000e+00 4.285730e-02 7.587758e-02 -2.512102e-02 -4.558739e-02 -2.062580e-02 -3.226586e-02
3.888000e+00 4.411606e-02 7.867254e-02 -2.587482e-02 -4.711223e-02 -2.114364e-02 -3.236495e-02
3.904000e+00 4.542172e-02 8.160377e-02 -2.665378e-02 -4.868532e-02 -2.166217e-02 -3.240842e-02
3.920000e+00 4.677513e-02 8.458809e-02 -2.745813e-02 -5.027186e-02 -2.218118e-02 -3.243800e-02
3.936000e+00 4.817231e-02 8.732376e-02 -2.828744e-02 -5.183161e-02 -2.270091e-02 -3.248321e-02
3.952000e+00 4.960578e-02 8.959202e-02 -2.913821e-02 -5.317325e-02 -2.322149e-02 -3.253576e-02
3.968000e+00 5.106314e-02 9.108520e-02 -3.000021e-02 -5.387512e-02 -2.374626e-02 -3.279837e-02
3.984000e+00 5.253846e-02 9.220750e-02 -3.087742e-02 -5.482581e-02 -2.427341e-02 -3.294696e-02
4.000000e+00 5.403722e-02 9.367211e-02 -3.176686e-02 -5.558999e-02 -2.479933e-02 -3.287004e-02
4.016000e+00 5.555441e-02 9.482475e-02 -3.267412e-02 -5.670388e-02 -2.532074e-02 -3.258806e-02
4.032000e+00 5.709588e-02 9.634162e-02 -3.359515e-02 -5.756423e-02 -2.583422e-02 -3.209218e-02
4.048000e+00 5.865818e-02 9.764415e-02 -3.452959e-02 -5.840237e-02 -2.633429e-02 -3.125440e-02
4.064000e+00 6.023747e-02 9.870557e-02 -3.547867e-02 -5.931744e-02 -2.681586e-02 -3.009868e-02
4.080000e+00 6.183072e-02 9.957775e-02 -3.644136e-02 -6.016829e-02 -2.727114e-02 -2.845473e-02
4.096000e+00 6.343518e-02 1.002791e-01 -3.741293e-02 -6.072312e-02 -2.769433e-02 -2.644932e-02
4.112000e+00 6.504608e-02 1.006808e-01 -3.839334e-02 -6.127581e-02 -2.807393e-02 -2.372511e-02
4.128000e+00 6.666029e-02 1.008885e-01 -3.937930e-02 -6.162226e-02 -2.839358e-02 -1.997812e-02
4.144000e+00 6.826994e-02 1.006029e-01 -4.037100e-02 -6.198115e-02 -2.863516e-02 -1.509849e-02
4.160000e+00 6.986555e-02 9.972587e-02 -4.136492e-02 -6.212015e-02 -2.877418e-02 -8.688920e-03
4.176000e+00 7.143554e-02 9.812440e-02 -4.235476e-02 -6.186498e-02 -2.877263e-02 9.699160e-05
4.192000e+00 7.295991e-02 9.527285e-02 -4.332567e-02 -6.068174e-02 -2.856636e-02 1.289145e-02
4.208000e+00 7.442833e-02 9.177609e-02 -4.426769e-02 -5.887632e-02 -2.810197e-02 2.902495e-02
4.224000e+00 7.585370e-02 8.908576e-02 -4.518173e-02 -5.712751e-02 -2.740093e-02 4.381461e-02
4.240000e+00 7.724722e-02 8.709524e-02 -4.607121e-02 -5.559274e-02 -2.649227e-02 5.679154e-02
4.256000e+00 7.861518e-02 8.549739e-02 -4.693874e-02 -5.422067e-02 -2.539702e-02 6.845309e-02
4.272000e+00 7.996577e-02 8.441179e-02 -4.778422e-02 -5.284202e-02 -2.412853e-02 7.928064e-02
4.288000e+00 8.132185e-02 8.475488e-02 -4.860997e-02 -5.160948e-02 -2.273926e-02 8.682925e-02
4.304000e+00 8.269034e-02 8.553104e-02 -4.942816e-02 -5.113678e-02 -2.126682e-02 9.202736e-02
4.320000e+00 8.410276e-02 8.827578e-02 -5.025595e-02 -5.173703e-02 -1.980552e-02 9.133142e-02
4.336000e+00 8.555276e-02 9.062544e-02 -5.109487e-02 -5.243249e-02 -1.834958e-02 9.099636e-02
4.352000e+00 8.703231e-02 9.247185e-02 -5.194026e-02 -5.283661e-02 -1.686910e-02 9.252987e-02
4.368000e+00 8.853857e-02 9.414127e-02 -5.279292e-02 -5.329169e-02 -1.535106e-02 9.487714e-02
4.384000e+00 9.007847e-02 9.624381e-02 -5.365198e-02 -5.369130e-02 -1.379796e-02 9.706876e-02
4.400000e+00 9.165742e-02 9.868427e-02 -5.451892e-02 -5.418341e-02 -1.221639e-02 9.884840e-02
4.416000e+00 9.327806e-02 1.012897e-01 -5.540062e-02 -5.510642e-02 -1.061244e-02 1.002472e-01
4.432000e+00 9.494557e-02 1.042197e-01 -5.629861e-02 -5.612453e-02 -8.993313e-03 1.011952e-01
4.448000e+00 9.666541e-02 1.074902e-01 -5.721634e-02 -5.735821e-02 -7.366041e-03 1.017045e-01
4.464000e+00 9.844453e-02 1.111948e-01 -5.815398e-02 -5.860231e-02 -5.740034e-03 1.016254e-01
4.480000e+00 1.002854e-01 1.150553e-01 -5.911676e-02 -6.017386e-02 -4.122982e-03 1.010657e-01
4.496000e+00 1.021930e-01 1.192242e-01 -6.010747e-02 -6.191939e-02 -2.519546e-03 1.002147e-01
4.512000e+00 1.041711e-01 1.236288e-01 -6.112714e-02 -6.372911e-02 -9.358328e-04 9.898207e-02
4.528000e+00 1.062229e-01 1.282381e-01 -6.217899e-02 -6.574080e-02 6.250352e-04 9.755425e-02
4.544000e+00 1.083506e-01 1.329857e-01 -6.326464e-02 -6.785322e-02 2.161869e-03 9.605213e-02
4.560000e+00 1.105558e-01 1.378230e-01 -6.438804e-02 -7.021245e-02 3.674633e-03 9.454772e-02
4.576000e+00 1.128442e-01 1.430264e-01 -6.554699e-02 -7.243404e-02 5.164507e-03 9.311714e-02
4.592000e+00 1.152177e-01 1.483418e-01 -6.674266e-02 -7.472953e-02 6.631555e-03 9.169050e-02
4.608000e+00 1.176778e-01 1.537577e-01 -6.797707e-02 -7.715038e-02 8.080318e-03 9.054765e-02
4.624000e+00 1.202269e-01 1.593177e-01 -6.925096e-02 -7.961865e-02 9.512832e-03 8.953212e-02
4.640000e+00 1.228663e-01 1.649641e-01 -7.056634e-02 -8.221088e-02 1.093426e-02 8.883917e-02
4.656000e+00 1.256004e-01 1.708815e-01 -7.192111e-02 -8.467311e-02 1.234869e-02 8.840183e-02
4.672000e+00 1.284284e-01 1.767471e-01 -7.331690e-02 -8.723699e-02 1.375978e-02 8.819313e-02
4.688000e+00 1.313516e-01 1.827014e-01 -7.475516e-02 -8.989105e-02 1.517426e-02 8.840502e-02
4.704000e+00 1.343735e-01 1.888697e-01 -7.623384e-02 -9.241786e-02 1.659896e-02 8.904405e-02
4.720000e+00 1.374953e-01 1.951102e-01 -7.775240e-02 -9.490956e-02 1.804123e-02 9.014193e-02
4.736000e+00 1.407193e-01 2.015021e-01 -7.931042e-02 -9.737669e-02 1.950689e-02 9.160374e-02
4.752000e+00 1.440470e-01 2.079768e-01 -8.090585e-02 -9.971394e-02 2.100468e-02 9.361168e-02
4.768000e+00 1.474786e-01 2.144754e-01 -8.254117e-02 -1.022075e-01 2.254120e-02 9.603272e-02
4.784000e+00 1.510166e-01 2.211279e-01 -8.421582e-02 -1.046662e-01 2.412683e-02 9.910181e-02
4.800000e+00 1.546630e-01 2.279003e-01 -8.592782e-02 -1.069999e-01 2.576843e-02 1.025996e-01
4.816000e+00 1.584199e-01 2.348042e-01 -8.767662e-02 -1.092995e-01 2.747551e-02 1.066924e-01
4.832000e+00 1.622891e-01 2.418264e-01 -8.945929e-02 -1.114174e-01 2.925662e-02 1.113197e-01
4.848000e+00 1.662711e-01 2.488773e-01 -9.127672e-02 -1.135890e-01 3.111947e-02 1.164283e-01
4.864000e+00 1.703676e-01 2.560287e-01 -9.312752e-02 -1.156755e-01 3.307432e-02 1.221779e-01
4.880000e+00 1.745823e-01 2.634163e-01 -9.500989e-02 -1.176477e-01 3.513210e-02 1.286114e-01
4.896000e+00 1.789178e-01 2.709691e-01 -9.692157e-02 -1.194803e-01 3.730054e-02 1.355272e-01
4.912000e+00 1.833753e-01 2.785962e-01 -9.886261e-02 -1.213147e-01 3.958957e-02 1.430648e-01
4.928000e+00 1.879589e-01 2.864722e-01 -1.008319e-01 -1.230817e-01 4.200950e-02 1.512456e-01
4.944000e+00 1.926711e-01 2.945147e-01 -1.028272e-01 -1.247024e-01 4.456965e-02 1.600094e-01
4.960000e+00 1.975135e-01 3.026501e-01 -1.048485e-01 -1.263370e-01 4.728207e-02 1.695258e-01
4.976000e+00 2.024915e-01 3.111241e-01 -1.068925e-01 -1.277486e-01 5.015701e-02 1.796840e-01
4.992000e+00 2.076103e-01 3.199274e-01 -1.089546e-01 -1.288808e-01 5.320575e-02 1.905463e-01
5.008000e+00 2.128748e-01 3.290285e-01 -1.110330e-01 -1.299010e-01 5.644092e-02 2.021980e-01
5.024000e+00 2.182870e-01 3.382613e-01 -1.131263e-01 -1.308284e-01 5.987298e-02 2.145037e-01
5.040000e+00 2.238498e-01 3.476785e-01 -1.152307e-01 -1.315248e-01 6.351314e-02 2.275102e-01
5.056000e+00 2.295694e-01 3.574723e-01 -1.173463e-01 -1.322264e-01 6.737359e-02 2.412777e-01
5.072000e+00 2.354557e-01 3.678977e-01 -1.194752e-01 -1.330574e-01 7.146634e-02 2.557971e-01
5.088000e+00 2.415347e-01 3.799371e-01 -1.216323e-01 -1.348188e-01 7.578566e-02 2.699574e-01
5.104000e+00 2.478328e-01 3.936276e-01 -1.238260e-01 -1.371038e-01 8.034088e-02 2.847016e-01
5.120000e+00 2.543905e-01 4.098606e-01 -1.260716e-01 -1.403521e-01 8.514999e-02 3.005693e-01
5.136000e+00 2.613386e-01 4.342507e-01 -1.284148e-01 -1.464476e-01 9.027126e-02 3.200792e-01
5.152000e+00 2.688609e-01 4.701468e-01 -1.309198e-01 -1.565623e-01 9.579048e-02 3.449515e-01
5.168000e+00 2.770541e-01 5.120757e-01 -1.336187e-01 -1.686835e-01 1.017667e-01 3.735137e-01
5.184000e+00 2.859486e-01 5.559037e-01 -1.365166e-01 -1.811160e-01 1.082358e-01 4.043194e-01
5.200000e+00 2.953958e-01 5.904525e-01 -1.395578e-01 -1.900763e-01 1.151702e-01 4.334019e-01
5.216000e+00 3.050339e-01 6.023833e-01 -1.426031e-01 -1.903298e-01 1.224340e-01 4.539842e-01
5.232000e+00 3.146298e-01 5.997437e-01 -1.455704e-01 -1.854560e-01 1.299448e-01 4.694254e-01
5.248000e+00 3.239727e-01 5.839311e-01 -1.483894e-01 -1.761885e-01 1.376366e-01 4.807381e-01
5.264000e+00 3.329501e-01 5.610873e-01 -1.510262e-01 -1.648020e-01 1.454719e-01 4.897091e-01
5.280000e+00 3.415667e-01 5.385334e-01 -1.534909e-01 -1.540426e-01 1.534662e-01 4.996424e-01
5.296000e+00 3.498334e-01 5.166717e-01 -1.557966e-01 -1.441066e-01 1.616359e-01 5.106060e-01
5.312000e+00 3.577545e-01 4.950700e-01 -1.579510e-01 -1.346517e-01 1.699926e-01 5.222929e-01
5.328000e+00 3.653289e-01 4.733950e-01 -1.599580e-01 -1.254380e-01 1.785461e-01 5.345936e-01
5.344000e+00 3.725542e-01 4.515850e-01 -1.618157e-01 -1.161013e-01 1.873015e-01 5.472111e-01
5.360000e+00 3.794289e-01 4.296657e-01 -1.635146e-01 -1.061810e-01 1.962604e-01 5.599343e-01
5.376000e+00 3.859541e-01 4.078261e-01 -1.650505e-01 -9.599843e-02 2.054130e-01 5.720358e-01
5.392000e+00 3.921407e-01 3.866605e-01 -1.664268e-01 -8.601930e-02 2.147325e-01 5.824666e-01
5.408000e+00 3.980008e-01 3.662602e-01 -1.676567e-01 -7.686448e-02 2.241803e-01 5.904911e-01
5.424000e+00 4.035238e-01 3.451850e-01 -1.687435e-01 -6.792752e-02 2.337465e-01 5.978826e-01
5.440000e+00 4.087100e-01 3.241388e-01 -1.696812e-01 -5.860579e-02 2.434155e-01 6.043158e-01
5.456000e+00 4.135619e-01 3.032438e-01 -1.704716e-01 -4.940171e-02 2.531620e-01 6.091565e-01
5.472000e+00 4.180795e-01 2.823494e-01 -1.711168e-01 -4.032483e-02 2.629640e-01 6.126252e-01
5.488000e+00 4.222597e-01 2.612651e-01 -1.716193e-01 -3.140163e-02 2.728049e-01 6.150551e-01
5.504000e+00 4.261021e-01 2.401475e-01 -1.719746e-01 -2.220620e-02 2.826669e-01 6.163753e-01
5.520000e+00 4.296090e-01 2.191848e-01 -1.721789e-01 -1.277172e-02 2.925282e-01 6.163321e-01
5.536000e+00 4.327864e-01 1.985859e-01 -1.722277e-01 -3.052616e-03 3.023655e-01 6.148327e-01
5.552000e+00 4.356394e-01 1.783111e-01 -1.721202e-01 6.720203e-03 3.121524e-01 6.116818e-01
5.568000e+00 4.381775e-01 1.586293e-01 -1.718573e-01 1.643531e-02 3.218608e-01 6.067733e-01
5.584000e+00 4.404131e-01 1.397285e-01 -1.714358e-01 2.633952e-02 3.314631e-01 6.001397e-01
5.600000e+00 4.423655e-01 1.220264e-01 -1.708547e-01 3.631810e-02 3.409283e-01 5.915756e-01
5.616000e+00 4.440611e-01 1.059748e-01 -1.701162e-01 4.615900e-02 3.502258e-01 5.810984e-01
5.632000e+00 4.455145e-01 9.083334e-02 -1.692211e-01 5.594504e-02 3.593256e-01 5.687339e-01
5.648000e+00 4.467455e-01 7.694007e-02 -1.681674e-01 6.585507e-02 3.681937e-01 5.542553e-01
5.664000e+00 4.477735e-01 6.425102e-02 -1.669499e-01 7.609017e-02 3.767998e-01 5.378829e-01
5.680000e+00 4.486217e-01 5.301307e-02 -1.655658e-01 8.650783e-02 3.851155e-01 5.197316e-01
5.696000e+00 4.493137e-01 4.324666e-02 -1.640119e-01 9.712049e-02 3.931105e-01 4.996853e-01
5.712000e+00 4.498737e-01 3.499836e-02 -1.622779e-01 1.083715e-01 4.007575e-01 4.779419e-01
5.728000e+00 4.503284e-01 2.841926e-02 -1.603487e-01 1.205800e-01 4.080325e-01 4.546840e-01
5.744000e+00 4.507106e-01 2.389090e-02 -1.582036e-01 1.340645e-01 4.149081e-01 4.297292e-01
5.760000e+00 4.509748e-01 1.651004e-02 -1.558042e-01 1.499643e-01 4.214174e-01 4.068311e-01
5.776000e+00 4.532347e-01 1.412435e-01 -1.529998e-01 1.752736e-01 4.260809e-01 2.914677e-01
5.792000e+00 4.574347e-01 2.624997e-01 -1.497930e-01 2.004272e-01 4.287632e-01 1.676403e-01
5.808000e+00 4.632197e-01 3.615620e-01 -1.462400e-01 2.220644e-01 4.297796e-01 6.352830e-02
5.824000e+00 4.700757e-01 4.285022e-01 -1.423757e-01 2.415170e-01 4.298365e-01 3.552541e-03
5.840000e+00 4.776508e-01 4.734457e-01 -1.383151e-01 2.537889e-01 4.294205e-01 -2.599768e-02
5.856000e+00 4.849661e-01 4.572020e-01 -1.345792e-01 2.334940e-01 4.295833e-01 1.017313e-02
5.872000e+00 4.920331e-01 4.416864e-01 -1.323203e-01 1.411772e-01 4.303224e-01 4.619861e-02
5.888000e+00 4.984585e-01 4.015896e-01 -1.311450e-01 7.346070e-02 4.307057e-01 2.395162e-02
5.904000e+00 5.046733e-01 3.884242e-01 -1.294108e-01 1.083849e-01 4.306570e-01 -3.040584e-03
5.920000e+00 5.106563e-01 3.739361e-01 -1.281474e-01 7.896150e-02 4.303546e-01 -1.890228e-02
5.936000e+00 5.163752e-01 3.574370e-01 -1.264394e-01 1.067511e-01 4.295371e-01 -5.109054e-02
5.952000e+00 5.218655e-01 3.431440e-01 -1.237020e-01 1.710900e-01 4.280049e-01 -9.576432e-02
5.968000e+00 5.276367e-01 3.606968e-01 -1.189050e-01 2.998127e-01 4.264186e-01 -9.914628e-02
5.984000e+00 5.340926e-01 4.034931e-01 -1.126751e-01 3.893662e-01 4.253949e-01 -6.398171e-02
6.000000e+00 5.415271e-01 4.646595e-01 -1.051279e-01 4.716993e-01 4.250219e-01 -2.330956e-02
6.016000e+00 5.503172e-01 5.493815e-01 -9.828946e-02 4.274025e-01 4.258155e-01 4.960069e-02
6.032000e+00 5.597228e-01 5.878480e-01 -9.317069e-02 3.199235e-01 4.271418e-01 8.289081e-02
6.048000e+00 5.697853e-01 6.289034e-01 -8.920545e-02 2.478271e-01 4.290131e-01 1.169581e-01
6.064000e+00 5.801313e-01 6.466253e-01 -8.727761e-02 1.204903e-01 4.311925e-01 1.362116e-01
6.080000e+00 5.905146e-01 6.489580e-01 -8.759731e-02 -1.998114e-02 4.334498e-01 1.410832e-01
6.096000e+00 6.002469e-01 6.082677e-01 -9.001584e-02 -1.511586e-01 4.351425e-01 1.057953e-01
6.112000e+00 6.090019e-01 5.471912e-01 -9.304625e-02 -1.894005e-01 4.358812e-01 4.616750e-02
6.128000e+00 6.174981e-01 5.310094e-01 -9.527652e-02 -1.393915e-01 4.362515e-01 2.314302e-02
6.144000e+00 6.257781e-01 5.174991e-01 -9.784185e-02 -1.603336e-01 4.364597e-01 1.301168e-02
6.160000e+00 6.338835e-01 5.065888e-01 -9.996642e-02 -1.327852e-01 4.364417e-01 -1.123232e-03
6.176000e+00 6.417961e-01 4.945349e-01 -1.022643e-01 -1.436206e-01 4.362616e-01 -1.125736e-02
6.192000e+00 6.496079e-01 4.882433e-01 -1.045421e-01 -1.423582e-01 4.359835e-01 -1.738245e-02
6.208000e+00 6.572952e-01 4.804544e-01 -1.067325e-01 -1.368989e-01 4.355831e-01 -2.502647e-02
6.224000e+00 6.648708e-01 4.734714e-01 -1.089883e-01 -1.409885e-01 4.350959e-01 -3.044890e-02
6.240000e+00 6.723664e-01 4.684765e-01 -1.112614e-01 -1.420674e-01 4.345440e-01 -3.449379e-02
6.256000e+00 6.797900e-01 4.639772e-01 -1.134491e-01 -1.367323e-01 4.339227e-01 -3.882734e-02
6.272000e+00 6.871326e-01 4.589093e-01 -1.155375e-01 -1.305249e-01 4.332297e-01 -4.331658e-02
6.288000e+00 6.944013e-01 4.542977e-01 -1.175708e-01 -1.270808e-01 4.324765e-01 -4.707569e-02
6.304000e+00 7.016133e-01 4.507471e-01 -1.195735e-01 -1.251737e-01 4.316737e-01 -5.017024e-02
6.320000e+00 7.087778e-01 4.477851e-01 -1.215437e-01 -1.231331e-01 4.308309e-01 -5.267873e-02
6.336000e+00 7.158965e-01 4.449182e-01 -1.234656e-01 -1.201190e-01 4.299561e-01 -5.467442e-02
6.352000e+00 7.229783e-01 4.426134e-01 -1.253359e-01 -1.168939e-01 4.290570e-01 -5.619206e-02
6.368000e+00 7.300306e-01 4.407631e-01 -1.271726e-01 -1.147950e-01 4.281365e-01 -5.753550e-02
6.384000e+00 7.370538e-01 4.389502e-01 -1.289847e-01 -1.132574e-01 4.271927e-01 -5.898171e-02
6.400000e+00 7.440050e-01 4.344530e-01 -1.307923e-01 -1.129727e-01 4.262723e-01 -5.752962e-02
6.416000e+00 7.507797e-01 4.234177e-01 -1.326210e-01 -1.142982e-01 4.254966e-01 -4.848211e-02
6.432000e+00 7.573142e-01 4.084054e-01 -1.344746e-01 -1.158444e-01 4.249404e-01 -3.476161e-02
6.448000e+00 7.635761e-01 3.913672e-01 -1.363607e-01 -1.178829e-01 4.246408e-01 -1.872426e-02
6.464000e+00 7.695769e-01 3.750532e-01 -1.382897e-01 -1.205654e-01 4.246035e-01 -2.327632e-03
6.480000e+00 7.753681e-01 3.619474e-01 -1.402756e-01 -1.241153e-01 4.247864e-01 1.142953e-02
6.496000e+00 7.810152e-01 3.529452e-01 -1.422880e-01 -1.257757e-01 4.251158e-01 2.058578e-02
6.512000e+00 7.865764e-01 3.475756e-01 -1.442669e-01 -1.236837e-01 4.255279e-01 2.575607e-02
6.528000e+00 7.920921e-01 3.447333e-01 -1.461707e-01 -1.189872e-01 4.259940e-01 2.913405e-02
6.544000e+00 7.975627e-01 3.419093e-01 -1.480078e-01 -1.148188e-01 4.265281e-01 3.337777e-02
6.560000e+00 8.029858e-01 3.389465e-01 -1.498105e-01 -1.126647e-01 4.271360e-01 3.799667e-02
6.576000e+00 8.083690e-01 3.364490e-01 -1.515778e-01 -1.104615e-01 4.278178e-01 4.260969e-02
6.592000e+00 8.137404e-01 3.357090e-01 -1.532754e-01 -1.061000e-01 4.285414e-01 4.522917e-02
6.608000e+00 8.191162e-01 3.359898e-01 -1.548933e-01 -1.011165e-01 4.292794e-01 4.612217e-02
6.624000e+00 8.244787e-01 3.351560e-01 -1.564440e-01 -9.691580e-02 4.300424e-01 4.768698e-02
6.640000e+00 8.298005e-01 3.326134e-01 -1.579603e-01 -9.477317e-02 4.308584e-01 5.099887e-02
6.656000e+00 8.350751e-01 3.296637e-01 -1.594176e-01 -9.108206e-02 4.317413e-01 5.518247e-02
6.672000e+00 8.402858e-01 3.256669e-01 -1.607780e-01 -8.502416e-02 4.326950e-01 5.960706e-02
6.688000e+00 8.454297e-01 3.214924e-01 -1.620697e-01 -8.072796e-02 4.337292e-01 6.463523e-02
6.704000e+00 8.505106e-01 3.175606e-01 -1.633255e-01 -7.848629e-02 4.348455e-01 6.977367e-02
6.720000e+00 8.555411e-01 3.144030e-01 -1.645251e-01 -7.497510e-02 4.360396e-01 7.462893e-02
6.736000e+00 8.605201e-01 3.111883e-01 -1.656406e-01 -6.972258e-02 4.373067e-01 7.919448e-02
6.752000e+00 8.654598e-01 3.087338e-01 -1.666888e-01 -6.551017e-02 4.386464e-01 8.372819e-02
6.768000e+00 8.703576e-01 3.061107e-01 -1.676979e-01 -6.307042e-02 4.400618e-01 8.846743e-02
6.784000e+00 8.752250e-01 3.042102e-01 -1.686311e-01 -5.832672e-02 4.415423e-01 9.253112e-02
6.800000e+00 8.800521e-01 3.016966e-01 -1.694925e-01 -5.383649e-02 4.431047e-01 9.764654e-02
6.816000e+00 8.848648e-01 3.007900e-01 -1.702778e-01 -4.907877e-02 4.447223e-01 1.010992e-01
6.832000e+00 8.896484e-01 2.989744e-01 -1.710046e-01 -4.542739e-02 4.464074e-01 1.053179e-01
6.848000e+00 8.944015e-01 2.970743e-01 -1.716431e-01 -3.990762e-02 4.481625e-01 1.096978e-01
6.864000e+00 8.991452e-01 2.964804e-01 -1.721901e-01 -3.418247e-02 4.499778e-01 1.134527e-01
6.880000e+00 9.038303e-01 2.928188e-01 -1.727248e-01 -3.342151e-02 4.518957e-01 1.198726e-01
6.896000e+00 9.082910e-01 2.787892e-01 -1.732789e-01 -3.462986e-02 4.539921e-01 1.310235e-01
6.912000e+00 9.123007e-01 2.506086e-01 -1.738652e-01 -3.664553e-02 4.561553e-01 1.351971e-01
6.928000e+00 9.157791e-01 2.173999e-01 -1.745706e-01 -4.408671e-02 4.584220e-01 1.416730e-01
6.944000e+00 9.187309e-01 1.844907e-01 -1.754124e-01 -5.261197e-02 4.608240e-01 1.501255e-01
6.960000e+00 9.213895e-01 1.661575e-01 -1.762638e-01 -5.321163e-02 4.632008e-01 1.485494e-01
6.976000e+00 9.239018e-01 1.570189e-01 -1.771541e-01 -5.564617e-02 4.654904e-01 1.431011e-01
6.992000e+00 9.262976e-01 1.497371e-01 -1.782017e-01 -6.547261e-02 4.677101e-01 1.387262e-01
7.008000e+00 9.286273e-01 1.456069e-01 -1.794215e-01 -7.623976e-02 4.698291e-01 1.324367e-01
7.024000e+00 9.309747e-01 1.467175e-01 -1.807621e-01 -8.378848e-02 4.718474e-01 1.261437e-01
7.040000e+00 9.335568e-01 1.613784e-01 -1.821667e-01 -8.778352e-02 4.739536e-01 1.316434e-01
7.056000e+00 9.363655e-01 1.755419e-01 -1.835280e-01 -8.508603e-02 4.762128e-01 1.411947e-01
7.072000e+00 9.393432e-01 1.861069e-01 -1.847978e-01 -7.935974e-02 4.786103e-01 1.498432e-01
7.088000e+00 9.423354e-01 1.870138e-01 -1.859379e-01 -7.125923e-02 4.810658e-01 1.534739e-01
7.104000e+00 9.452330e-01 1.810972e-01 -1.868739e-01 -5.849789e-02 4.835454e-01 1.549720e-01
7.120000e+00 9.480312e-01 1.748880e-01 -1.876417e-01 -4.798966e-02 4.861218e-01 1.610227e-01
7.136000e+00 9.507460e-01 1.696781e-01 -1.883970e-01 -4.720265e-02 4.888421e-01 1.700245e-01
7.152000e+00 9.534314e-01 1.678351e-01 -1.892070e-01 -5.062775e-02 4.916708e-01 1.767932e-01
7.168000e+00 9.561384e-01 1.691906e-01 -1.900200e-01 -5.081357e-02 4.945694e-01 1.811591e-01
7.184000e+00 9.589167e-01 1.736439e-01 -1.908264e-01 -5.039632e-02 4.975360e-01 1.854155e-01
7.200000e+00 9.617978e-01 1.800700e-01 -1.914938e-01 -4.171625e-02 5.006004e-01 1.915251e-01
7.216000e+00 9.648505e-01 1.907891e-01 -1.919875e-01 -3.085421e-02 5.038331e-01 2.020407e-01
7.232000e+00 9.681154e-01 2.040596e-01 -1.923116e-01 -2.025474e-02 5.072413e-01 2.130132e-01
7.248000e+00 9.715588e-01 2.152103e-01 -1.924650e-01 -9.589091e-03 5.107920e-01 2.219183e-01
7.264000e+00 9.751724e-01 2.258526e-01 -1.924683e-01 -2.061818e-04 5.144743e-01 2.301420e-01
7.280000e+00 9.789622e-01 2.368626e-01 -1.923765e-01 5.737301e-03 5.182657e-01 2.369633e-01
7.296000e+00 9.829101e-01 2.467403e-01 -1.921807e-01 1.223736e-02 5.221323e-01 2.416614e-01
7.312000e+00 9.869830e-01 2.545559e-01 -1.919354e-01 1.533452e-02 5.260324e-01 2.437598e-01
7.328000e+00 9.911255e-01 2.589087e-01 -1.917257e-01 1.310127e-02 5.299140e-01 2.426015e-01
7.344000e+00 9.952546e-01 2.580676e-01 -1.915967e-01 8.065565e-03 5.337143e-01 2.375150e-01
7.360000e+00 9.991229e-01 2.417706e-01 -1.917391e-01 -8.902272e-03 5.373110e-01 2.247954e-01
7.376000e+00 1.002678e+00 2.222030e-01 -1.921859e-01 -2.792162e-02 5.407782e-01 2.167007e-01
7.392000e+00 1.006212e+00 2.208441e-01 -1.927853e-01 -3.746382e-02 5.442476e-01 2.168370e-01
7.408000e+00 1.009739e+00 2.204651e-01 -1.935708e-01 -4.909094e-02 5.477115e-01 2.164950e-01
7.424000e+00 1.013138e+00 2.123988e-01 -1.945130e-01 -5.889006e-02 5.510465e-01 2.084363e-01
7.440000e+00 1.016298e+00 1.975488e-01 -1.954694e-01 -5.977821e-02 5.541115e-01 1.915596e-01
7.456000e+00 1.019117e+00 1.761634e-01 -1.963158e-01 -5.289865e-02 5.568022e-01 1.681733e-01
7.472000e+00 1.021565e+00 1.530008e-01 -1.968910e-01 -3.594601e-02 5.591020e-01 1.437376e-01
7.488000e+00 1.023901e+00 1.460099e-01 -1.971443e-01 -1.583244e-02 5.612837e-01 1.363570e-01
7.504000e+00 1.026287e+00 1.491215e-01 -1.973309e-01 -1.166089e-02 5.635605e-01 1.423003e-01
7.520000e+00 1.028661e+00 1.483945e-01 -1.974975e-01 -1.041287e-02 5.658407e-01 1.425079e-01
7.536000e+00 1.030939e+00 1.423441e-01 -1.975821e-01 -5.289841e-03 5.680233e-01 1.364153e-01
7.552000e+00 1.033080e+00 1.338171e-01 -1.975871e-01 -3.111529e-04 5.700655e-01 1.276362e-01
7.568000e+00 1.035133e+00 1.283277e-01 -1.974650e-01 7.627418e-03 5.720071e-01 1.213478e-01
7.584000e+00 1.037126e+00 1.245617e-01 -1.972219e-01 1.519393e-02 5.738811e-01 1.171292e-01
7.600000e+00 1.039054e+00 1.204691e-01 -1.968846e-01 2.108305e-02 5.757329e-01 1.157325e-01
7.616000e+00 1.040904e+00 1.156737e-01 -1.964913e-01 2.457881e-02 5.775832e-01 1.156479e-01
7.632000e+00 1.042693e+00 1.117627e-01 -1.961207e-01 2.316512e-02 5.794175e-01 1.146443e-01
7.648000e+00 1.044455e+00 1.101536e-01 -1.957416e-01 2.369715e-02 5.812086e-01 1.119429e-01
7.664000e+00 1.046202e+00 1.092044e-01 -1.952751e-01 2.915497e-02 5.829611e-01 1.095275e-01
7.680000e+00 1.047903e+00 1.063072e-01 -1.947476e-01 3.296956e-02 5.847182e-01 1.098191e-01
7.696000e+00 1.049556e+00 1.032747e-01 -1.942833e-01 2.901316e-02 5.864795e-01 1.100831e-01
7.712000e+00 1.051196e+00 1.024975e-01 -1.938381e-01 2.783088e-02 5.882132e-01 1.083600e-01
7.728000e+00 1.052795e+00 9.997518e-02 -1.934120e-01 2.662936e-02 5.899655e-01 1.095190e-01
7.744000e+00 1.054346e+00 9.694614e-02 -1.930019e-01 2.562831e-02 5.917550e-01 1.118411e-01
7.760000e+00 1.055853e+00 9.418873e-02 -1.926734e-01 2.053425e-02 5.935760e-01 1.138135e-01
7.776000e+00 1.057337e+00 9.274691e-02 -1.923670e-01 1.915130e-02 5.954027e-01 1.141654e-01
7.792000e+00 1.058815e+00 9.234731e-02 -1.920622e-01 1.905056e-02 5.972174e-01 1.134238e-01
7.808000e+00 1.060279e+00 9.148411e-02 -1.917659e-01 1.851493e-02 5.990232e-01 1.128595e-01
7.824000e+00 1.061734e+00 9.097683e-02 -1.914682e-01 1.860561e-02 6.008214e-01 1.123897e-01
7.840000e+00 1.063182e+00 9.045257e-02 -1.911796e-01 1.803717e-02 6.026263e-01 1.128021e-01
7.856000e+00 1.064631e+00 9.060483e-02 -1.908664e-01 1.957805e-02 6.044364e-01 1.131311e-01
7.872000e+00 1.066083e+00 9.074880e-02 -1.905486e-01 1.985959e-02 6.062518e-01 1.134639e-01
7.888000e+00 1.067527e+00 9.025632e-02 -1.902339e-01 1.967263e-02 6.080705e-01 1.136724e-01
7.904000e+00 1.068973e+00 9.035801e-02 -1.899260e-01 1.923876e-02 6.098990e-01 1.142788e-01
7.920000e+00 1.070417e+00 9.023746e-02 -1.896315e-01 1.841175e-02 6.117341e-01 1.146926e-01
7.936000e+00 1.071878e+00 9.132428e-02 -1.893425e-01 1.805704e-02 6.135733e-01 1.149511e-01
7.952000e+00 1.073362e+00 9.272785e-02 -1.890646e-01 1.737469e-02 6.154127e-01 1.149619e-01
7.968000e+00 1.074861e+00 9.373330e-02 -1.887944e-01 1.688168e-02 6.172545e-01 1.151137e-01
7.984000e+00 1.076447e+00 9.907907e-02 -1.885317e-01 1.642030e-02 6.191285e-01 1.171237e-01
8.000000e+00 1.078114e+00 1.042128e-01 -1.882713e-01 1.627509e-02 6.210326e-01 1.190076e-01
8.016000e+00 1.079771e+00 1.035866e-01 -1.879938e-01 1.734648e-02 6.229469e-01 1.196434e-01
8.032000e+00 1.081416e+00 1.028161e-01 -1.876720e-01 2.011358e-02 6.248768e-01 1.206194e-01
8.048000e+00 1.083062e+00 1.028556e-01 -1.873471e-01 2.030302e-02 6.268312e-01 1.221465e-01
8.064000e+00 1.084718e+00 1.035200e-01 -1.870514e-01 1.848389e-02 6.288007e-01 1.230948e-01
8.080000e+00 1.086384e+00 1.040840e-01 -1.867758e-01 1.722496e-02 6.307837e-01 1.239401e-01
8.096000e+00 1.088052e+00 1.042365e-01 -1.865424e-01 1.458751e-02 6.327927e-01 1.255578e-01
8.112000e+00 1.089717e+00 1.041032e-01 -1.863578e-01 1.153540e-02 6.348327e-01 1.275019e-01
8.128000e+00 1.091382e+00 1.040564e-01 -1.862508e-01 6.685832e-03 6.369065e-01 1.296138e-01
8.144000e+00 1.093043e+00 1.037731e-01 -1.862316e-01 1.202521e-03 6.390044e-01 1.311181e-01
8.160000e+00 1.094693e+00 1.031712e-01 -1.863241e-01 -5.785121e-03 6.411048e-01 1.312758e-01
8.176000e+00 1.096319e+00 1.016312e-01 -1.865118e-01 -1.172587e-02 6.431831e-01 1.298918e-01
8.192000e+00 1.097918e+00 9.992139e-02 -1.867401e-01 -1.427274e-02 6.452170e-01 1.271224e-01
8.208000e+00 1.099493e+00 9.845890e-02 -1.869448e-01 -1.279169e-02 6.472278e-01 1.256749e-01
8.224000e+00 1.101054e+00 9.754281e-02 -1.871323e-01 -1.171774e-02 6.492396e-01 1.257347e-01
8.240000e+00 1.102600e+00 9.659608e-02 -1.873310e-01 -1.242145e-02 6.512477e-01 1.255088e-01
8.256000e+00 1.104123e+00 9.520122e-02 -1.875224e-01 -1.196308e-02 6.532553e-01 1.254733e-01
8.272000e+00 1.105634e+00 9.441774e-02 -1.877302e-01 -1.298710e-02 6.552721e-01 1.260481e-01
8.288000e+00 1.107132e+00 9.362771e-02 -1.879352e-01 -1.280798e-02 6.572970e-01 1.265571e-01
8.304000e+00 1.108606e+00 9.215748e-02 -1.881478e-01 -1.328949e-02 6.593260e-01 1.268146e-01
8.320000e+00 1.110057e+00 9.066901e-02 -1.883783e-01 -1.440743e-02 6.613606e-01 1.271625e-01
8.336000e+00 1.111480e+00 8.893240e-02 -1.886077e-01 -1.433647e-02 6.634020e-01 1.275842e-01
8.352000e+00 1.112868e+00 8.675595e-02 -1.888533e-01 -1.534879e-02 6.654464e-01 1.277771e-01
8.368000e+00 1.114213e+00 8.405035e-02 -1.890948e-01 -1.509807e-02 6.674931e-01 1.279175e-01
8.384000e+00 1.115511e+00 8.112004e-02 -1.893413e-01 -1.540529e-02 6.695461e-01 1.283170e-01
8.400000e+00 1.116757e+00 7.787687e-02 -1.895935e-01 -1.576385e-02 6.716051e-01 1.286855e-01
8.416000e+00 1.117936e+00 7.374180e-02 -1.898474e-01 -1.586552e-02 6.736728e-01 1.292276e-01
8.432000e+00 1.119042e+00 6.909244e-02 -1.901020e-01 -1.591412e-02 6.757576e-01 1.303043e-01
8.448000e+00 1.120064e+00 6.386974e-02 -1.903500e-01 -1.549641e-02 6.778685e-01 1.319324e-01
8.464000e+00 1.120959e+00 5.593874e-02 -1.905998e-01 -1.561780e-02 6.800236e-01 1.346937e-01
8.480000e+00 1.121734e+00 4.846611e-02 -1.908251e-01 -1.407733e-02 6.821990e-01 1.359605e-01
8.496000e+00 1.122429e+00 4.341671e-02 -1.909801e-01 -9.687038e-03 6.843400e-01 1.338112e-01
8.512000e+00 1.123033e+00 3.774308e-02 -1.910244e-01 -2.771783e-03 6.864460e-01 1.316251e-01
8.528000e+00 1.123550e+00 3.229860e-02 -1.909131e-01 6.957011e-03 6.885101e-01 1.290087e-01
8.544000e+00 1.123993e+00 2.772941e-02 -1.905370e-01 2.350807e-02 6.905235e-01 1.258349e-01
8.560000e+00 1.124403e+00 2.560997e-02 -1.900023e-01 3.341676e-02 6.925150e-01 1.244712e-01
8.576000e+00 1.124788e+00 2.402598e-02 -1.894382e-01 3.525837e-02 6.945115e-01 1.247809e-01
8.592000e+00 1.125167e+00 2.372240e-02 -1.889798e-01 2.864775e-02 6.965437e-01 1.270113e-01
8.608000e+00 1.125543e+00 2.347878e-02 -1.885893e-01 2.440473e-02 6.986002e-01 1.285308e-01
8.624000e+00 1.125894e+00 2.193836e-02 -1.882109e-01 2.365006e-02 7.006582e-01 1.286268e-01
8.640000e+00 1.126217e+00 2.017975e-02 -1.878154e-01 2.472317e-02 7.027159e-01 1.286051e-01
8.656000e+00 1.126509e+00 1.829401e-02 -1.874142e-01 2.507486e-02 7.047593e-01 1.277096e-01
8.672000e+00 1.126780e+00 1.690506e-02 -1.870051e-01 2.556720e-02 7.067749e-01 1.259759e-01
8.688000e+00 1.127044e+00 1.649519e-02 -1.865935e-01 2.572372e-02 7.087513e-01 1.235267e-01
8.704000e+00 1.127284e+00 1.500266e-02 -1.861877e-01 2.536414e-02 7.106890e-01 1.211048e-01
8.720000e+00 1.127489e+00 1.284677e-02 -1.857536e-01 2.712837e-02 7.125855e-01 1.185351e-01
8.736000e+00 1.127676e+00 1.169128e-02 -1.852874e-01 2.914038e-02 7.144377e-01 1.157612e-01
8.752000e+00 1.127848e+00 1.074051e-02 -1.848022e-01 3.032658e-02 7.162265e-01 1.117980e-01
8.768000e+00 1.127968e+00 7.458119e-03 -1.843506e-01 2.821975e-02 7.178668e-01 1.025216e-01
8.784000e+00 1.128035e+00 4.221668e-03 -1.839245e-01 2.663615e-02 7.193492e-01 9.264513e-02
8.800000e+00 1.128055e+00 1.231240e-03 -1.835233e-01 2.507593e-02 7.206822e-01 8.331382e-02
8.816000e+00 1.128024e+00 -1.927551e-03 -1.831436e-01 2.372787e-02 7.218761e-01 7.462198e-02
8.832000e+00 1.127944e+00 -5.010458e-03 -1.827571e-01 2.415964e-02 7.229462e-01 6.687976e-02
8.848000e+00 1.127829e+00 -7.146133e-03 -1.823740e-01 2.394282e-02 7.239220e-01 6.098484e-02
8.864000e+00 1.127685e+00 -9.046101e-03 -1.819731e-01 2.505700e-02 7.248309e-01 5.680631e-02
8.880000e+00 1.127519e+00 -1.037129e-02 -1.815660e-01 2.543991e-02 7.256860e-01 5.344405e-02
8.896000e+00 1.127327e+00 -1.195991e-02 -1.811525e-01 2.584657e-02 7.264799e-01 4.962143e-02
8.912000e+00 1.127103e+00 -1.400642e-02 -1.807455e-01 2.543334e-02 7.272052e-01 4.532906e-02
8.928000e+00 1.126855e+00 -1.550153e-02 -1.803477e-01 2.486384e-02 7.278703e-01 4.157099e-02
8.944000e+00 1.126592e+00 -1.647121e-02 -1.799592e-01 2.428480e-02 7.284769e-01 3.791326e-02
8.960000e+00 1.126323e+00 -1.681824e-02 -1.795873e-01 2.324119e-02 7.290324e-01 3.471552e-02
8.976000e+00 1.126057e+00 -1.658618e-02 -1.792345e-01 2.204818e-02 7.295498e-01 3.234133e-02
8.992000e+00 1.125785e+00 -1.701322e-02 -1.789138e-01 2.004715e-02 7.300206e-01 2.942467e-02
9.008000e+00 1.125510e+00 -1.719177e-02 -1.786164e-01 1.858304e-02 7.304446e-01 2.649560e-02
9.024000e+00 1.125230e+00 -1.748964e-02 -1.783299e-01 1.790991e-02 7.308269e-01 2.389568e-02
9.040000e+00 1.124947e+00 -1.770839e-02 -1.780498e-01 1.750328e-02 7.311826e-01 2.223237e-02
9.056000e+00 1.124644e+00 -1.891242e-02 -1.777688e-01 1.756606e-02 7.315183e-01 2.098120e-02
9.072000e+00 1.124313e+00 -2.073134e-02 -1.774987e-01 1.688148e-02 7.318380e-01 1.998287e-02
9.088000e+00 1.123952e+00 -2.256330e-02 -1.772122e-01 1.790626e-02 7.321561e-01 1.987694e-02
9.104000e+00 1.123551e+00 -2.505653e-02 -1.770000e-01 1.325850e-02 7.324918e-01 2.098454e-02
9.120000e+00 1.123149e+00 -2.511962e-02 -1.768624e-01 8.601210e-03 7.327989e-01 1.919408e-02
9.136000e+00 1.122739e+00 -2.562855e-02 -1.767254e-01 8.562136e-03 7.331000e-01 1.881595e-02
9.152000e+00 1.122335e+00 -2.522079e-02 -1.766113e-01 7.133727e-03 7.333817e-01 1.760714e-02
9.168000e+00 1.121922e+00 -2.585020e-02 -1.765130e-01 6.143116e-03 7.336507e-01 1.681600e-02
9.184000e+00 1.121497e+00 -2.651519e-02 -1.764185e-01 5.906329e-03 7.339111e-01 1.627444e-02
9.200000e+00 1.121068e+00 -2.682718e-02 -1.763365e-01 5.126408e-03 7.341685e-01 1.608367e-02
9.216000e+00 1.120634e+00 -2.709912e-02 -1.762578e-01 4.917207e-03 7.344266e-01 1.613410e-02
9.232000e+00 1.120198e+00 -2.727769e-02 -1.761906e-01 4.198366e-03 7.346859e-01 1.620696e-02
9.248000e+00 1.119761e+00 -2.728692e-02 -1.761362e-01 3.399511e-03 7.349550e-01 1.681701e-02
9.264000e+00 1.119322e+00 -2.749113e-02 -1.760902e-01 2.874841e-03 7.352424e-01 1.796261e-02
9.280000e+00 1.118882e+00 -2.746209e-02 -1.760580e-01 2.016292e-03 7.355506e-01 1.926455e-02
9.296000e+00 1.118454e+00 -2.677019e-02 -1.760474e-01 6.594554e-04 7.358875e-01 2.105621e-02
9.312000e+00 1.118054e+00 -2.499488e-02 -1.760406e-01 4.269122e-04 7.362530e-01 2.283855e-02
9.328000e+00 1.117686e+00 -2.299392e-02 -1.760555e-01 -9.309752e-04 7.366507e-01 2.486048e-02
9.344000e+00 1.117382e+00 -1.901384e-02 -1.760684e-01 -8.065493e-04 7.370775e-01 2.667380e-02
9.360000e+00 1.117124e+00 -1.612718e-02 -1.760869e-01 -1.156494e-03 7.375255e-01 2.800085e-02
9.376000e+00 1.116886e+00 -1.484177e-02 -1.761104e-01 -1.470831e-03 7.379883e-01 2.892477e-02
9.392000e+00 1.116656e+00 -1.440050e-02 -1.761233e-01 -8.024868e-04 7.384607e-01 2.952694e-02
9.408000e+00 1.116424e+00 -1.450657e-02 -1.761445e-01 -1.324702e-03 7.389410e-01 3.001508e-02
9.424000e+00 1.116201e+00 -1.395179e-02 -1.761551e-01 -6.623615e-04 7.394197e-01 2.992004e-02
9.440000e+00 1.115976e+00 -1.405072e-02 -1.761602e-01 -3.192374e-04 7.398995e-01 2.998753e-02
9.456000e+00 1.115756e+00 -1.374518e-02 -1.761655e-01 -3.310305e-04 7.403819e-01 3.014909e-02
9.472000e+00 1.115539e+00 -1.356932e-02 -1.761504e-01 9.440773e-04 7.408687e-01 3.042638e-02
9.488000e+00 1.115310e+00 -1.432551e-02 -1.761379e-01 7.795588e-04 7.413534e-01 3.029234e-02
9.504000e+00 1.115066e+00 -1.521364e-02 -1.761140e-01 1.494883e-03 7.418377e-01 3.026912e-02
9.520000e+00 1.114811e+00 -1.596868e-02 -1.760879e-01 1.630628e-03 7.423212e-01 3.021781e-02
9.536000e+00 1.114547e+00 -1.648192e-02 -1.760595e-01 1.775027e-03 7.428040e-01 3.017724e-02
9.552000e+00 1.114280e+00 -1.670933e-02 -1.760162e-01 2.704012e-03 7.432818e-01 2.985844e-02
9.568000e+00 1.114007e+00 -1.703258e-02 -1.759762e-01 2.502436e-03 7.437553e-01 2.959699e-02
9.584000e+00 1.113729e+00 -1.737744e-02 -1.759169e-01 3.703463e-03 7.442251e-01 2.935991e-02
9.600000e+00 1.113445e+00 -1.774956e-02 -1.758570e-01 3.744344e-03 7.446886e-01 2.896800e-02
9.616000e+00 1.113182e+00 -1.643960e-02 -1.757823e-01 4.667582e-03 7.451462e-01 2.860377e-02
9.632000e+00 1.112944e+00 -1.488067e-02 -1.756978e-01 5.285924e-03 7.455994e-01 2.832469e-02
9.648000e+00 1.112716e+00 -1.421912e-02 -1.756114e-01 5.397621e-03 7.460564e-01 2.856217e-02
9.664000e+00 1.112484e+00 -1.455249e-02 -1.755124e-01 6.185885e-03 7.465280e-01 2.947380e-02
9.680000e+00 1.112243e+00 -1.506105e-02 -1.754229e-01 5.597193e-03 7.470223e-01 3.089612e-02
9.696000e+00 1.111988e+00 -1.589221e-02 -1.753415e-01 5.086970e-03 7.475486e-01 3.289453e-02
9.712000e+00 1.111716e+00 -1.702273e-02 -1.753249e-01 1.036072e-03 7.481088e-01 3.501109e-02
9.728000e+00 1.111410e+00 -1.912353e-02 -1.753993e-01 -4.648098e-03 7.486771e-01 3.551947e-02
9.744000e+00 1.111093e+00 -1.982663e-02 -1.755416e-01 -8.893631e-03 7.492079e-01 3.317584e-02
9.760000e+00 1.110769e+00 -2.024796e-02 -1.757177e-01 -1.100837e-02 7.496903e-01 3.014819e-02
9.776000e+00 1.110430e+00 -2.117036e-02 -1.759113e-01 -1.210298e-02 7.501186e-01 2.676854e-02
9.792000e+00 1.110083e+00 -2.170945e-02 -1.760836e-01 -1.076900e-02 7.504925e-01 2.336608e-02
9.808000e+00 1.109724e+00 -2.242913e-02 -1.762272e-01 -8.968931e-03 7.508189e-01 2.040091e-02
9.824000e+00 1.109365e+00 -2.245188e-02 -1.763172e-01 -5.627484e-03 7.511165e-01 1.859858e-02
9.840000e+00 1.109013e+00 -2.194612e-02 -1.763747e-01 -3.596750e-03 7.513955e-01 1.743899e-02
9.856000e+00 1.108676e+00 -2.105860e-02 -1.764036e-01 -1.804548e-03 7.516610e-01 1.659434e-02
9.872000e+00 1.108329e+00 -2.170572e-02 -1.764155e-01 -7.446815e-04 7.519135e-01 1.578362e-02
9.888000e+00 1.107959e+00 -2.311910e-02 -1.764017e-01 8.657101e-04 7.521514e-01 1.486941e-02
9.904000e+00 1.107555e+00 -2.527038e-02 -1.763626e-01 2.439842e-03 7.523719e-01 1.377890e-02
9.920000e+00 1.107111e+00 -2.775746e-02 -1.762991e-01 3.968653e-03 7.525742e-01 1.264563e-02
9.936000e+00 1.106623e+00 -3.047286e-02 -1.762008e-01 6.145332e-03 7.527583e-01 1.150200e-02
9.952000e+00 1.106088e+00 -3.347854e-02 -1.760857e-01 7.197301e-03 7.529255e-01 1.044946e-02
9.968000e+00 1.105511e+00 -3.602400e-02 -1.759351e-01 9.409701e-03 7.530796e-01 9.633042e-03
9.984000e+00 1.104908e+00 -3.767527e-02 -1.757764e-01 9.916051e-03 7.532196e-01 8.752216e-03
1.000000e+01 1.104285e+00 -3.897157e-02 -1.755935e-01 1.143153e-02 7.533492e-01 8.100771e-03
1.001600e+01 1.103644e+00 -4.003893e-02 -1.754017e-01 1.198917e-02 7.534734e-01 7.758904e-03
1.003200e+01 1.102995e+00 -4.059228e-02 -1.751868e-01 1.343375e-02 7.535905e-01 7.322872e-03
1.004800e+01 1.102346e+00 -4.054881e-02 -1.749704e-01 1.352348e-02 7.537025e-01 6.994609e-03
1.006400e+01 1.101698e+00 -4.047193e-02 -1.747380e-01 1.452505e-02 7.538168e-01 7.148263e-03
1.008000e+01 1.101053e+00 -4.035640e-02 -1.745042e-01 1.461159e-02 7.539385e-01 7.606215e-03
1.009600e+01 1.100411e+00 -4.009382e-02 -1.742617e-01 1.515999e-02 7.540680e-01 8.094232e-03
1.011200e+01 1.099772e+00 -3.995877e-02 -1.740142e-01 1.546718e-02 7.542086e-01 8.787250e-03
1.012800e+01 1.099142e+00 -3.939775e-02 -1.737645e-01 1.560419e-02 7.543663e-01 9.851747e-03
1.014400e+01 1.098520e+00 -3.883548e-02 -1.735126e-01 1.574418e-02 7.545439e-01 1.110476e-02
1.016000e+01 1.097902e+00 -3.861775e-02 -1.732832e-01 1.433855e-02 7.547392e-01 1.220486e-02
1.017600e+01 1.097285e+00 -3.858846e-02 -1.730627e-01 1.377946e-02 7.549503e-01 1.319237e-02
1.019200e+01 1.096665e+00 -3.876119e-02 -1.728556e-01 1.294600e-02 7.551772e-01 1.418484e-02
1.020800e+01 1.096035e+00 -3.938595e-02 -1.726634e-01 1.201313e-02 7.554185e-01 1.507960e-02
1.022400e+01 1.095391e+00 -4.024987e-02 -1.724693e-01 1.213034e-02 7.556745e-01 1.600027e-02
1.024000e+01 1.094718e+00 -4.205626e-02 -1.722826e-01 1.167039e-02 7.559441e-01 1.684705e-02
1.025600e+01 1.094010e+00 -4.424586e-02 -1.720831e-01 1.246806e-02 7.562281e-01 1.775055e-02
1.027200e+01 1.093265e+00 -4.657103e-02 -1.718851e-01 1.237212e-02 7.565240e-01 1.849590e-02
1.028800e+01 1.092487e+00 -4.858151e-02 -1.716722e-01 1.330858e-02 7.568333e-01 1.932815e-02
1.030400e+01 1.091683e+00 -5.028425e-02 -1.714617e-01 1.315352e-02 7.571575e-01 2.026316e-02
1.032000e+01 1.090861e+00 -5.132892e-02 -1.712379e-01 1.398664e-02 7.574993e-01 2.136453e-02
1.033600e+01 1.090034e+00 -5.172031e-02 -1.710240e-01 1.337379e-02 7.578580e-01 2.241760e-02
1.035200e+01 1.089201e+00 -5.208373e-02 -1.708054e-01 1.365712e-02 7.582355e-01 2.359626e-02
1.036800e+01 1.088365e+00 -5.219449e-02 -1.705966e-01 1.304938e-02 7.586337e-01 2.488301e-02
1.038400e+01 1.087532e+00 -5.207749e-02 -1.703871e-01 1.309692e-02 7.590510e-01 2.608209e-02
1.040000e+01 1.086705e+00 -5.167616e-02 -1.701869e-01 1.251336e-02 7.594846e-01 2.709959e-02
1.041600e+01 1.085890e+00 -5.093498e-02 -1.699930e-01 1.211843e-02 7.599369e-01 2.827053e-02
1.043200e+01 1.085082e+00 -5.049939e-02 -1.698043e-01 1.179081e-02 7.604097e-01 2.955262e-02
1.044800e+01 1.084274e+00 -5.051986e-02 -1.696257e-01 1.116593e-02 7.608999e-01 3.063284e-02
1.046400e+01 1.083464e+00 -5.065611e-02 -1.694471e-01 1.116050e-02 7.614068e-01 3.168275e-02
1.048000e+01 1.082656e+00 -5.050307e-02 -1.692755e-01 1.072832e-02 7.619316e-01 3.279941e-02
1.049600e+01 1.081848e+00 -5.047429e-02 -1.691065e-01 1.056247e-02 7.624728e-01 3.382798e-02
1.051200e+01 1.081040e+00 -5.049155e-02 -1.689384e-01 1.050566e-02 7.630282e-01 3.471136e-02
1.052800e+01 1.080234e+00 -5.039186e-02 -1.687801e-01 9.891136e-03 7.635994e-01 3.569986e-02
1.054400e+01 1.079426e+00 -5.047131e-02 -1.686151e-01 1.031020e-02 7.641877e-01 3.676867e-02
1.056000e+01 1.078618e+00 -5.049081e-02 -1.684601e-01 9.692904e-03 7.647921e-01 3.777442e-02
1.057600e+01 1.077813e+00 -5.035014e-02 -1.683014e-01 9.918820e-03 7.654131e-01 3.881348e-02
1.059200e+01 1.077009e+00 -5.023874e-02 -1.681478e-01 9.599041e-03 7.660514e-01 3.989151e-02
1.060800e+01 1.076207e+00 -5.011920e-02 -1.679943e-01 9.589378e-03 7.667069e-01 4.097018e-02
1.062400e+01 1.075406e+00 -5.005642e-02 -1.678447e-01 9.350615e-03 7.673781e-01 4.194918e-02
1.064000e+01 1.074609e+00 -4.985860e-02 -1.676967e-01 9.254425e-03 7.680644e-01 4.289720e-02
1.065600e+01 1.073809e+00 -4.995141e-02 -1.675460e-01 9.417573e-03 7.687676e-01 4.394970e-02
1.067200e+01 1.073009e+00 -4.999192e-02 -1.673981e-01 9.241921e-03 7.694857e-01 4.487848e-02
1.068800e+01 1.072210e+00 -4.995730e-02 -1.672391e-01 9.940752e-03 7.702183e-01 4.578843e-02
1.070400e+01 1.071408e+00 -5.014769e-02 -1.670949e-01 9.009604e-03 7.709662e-01 4.674415e-02
1.072000e+01 1.070607e+00 -5.006314e-02 -1.669434e-01 9.469144e-03 7.717314e-01 4.782124e-02
1.073600e+01 1.069806e+00 -5.002105e-02 -1.668038e-01 8.724627e-03 7.725106e-01 4.870335e-02
1.075200e+01 1.069010e+00 -4.974924e-02 -1.666641e-01 8.728801e-03 7.733022e-01 4.947713e-02
1.076800e+01 1.068219e+00 -4.948968e-02 -1.665309e-01 8.327871e-03 7.741090e-01 5.042265e-02
1.078400e+01 1.067434e+00 -4.905787e-02 -1.663994e-01 8.219779e-03 7.749294e-01 5.127485e-02
1.080000e+01 1.066658e+00 -4.848280e-02 -1.662696e-01 8.110088e-03 7.757608e-01 5.196150e-02
1.081600e+01 1.065890e+00 -4.798401e-02 -1.661441e-01 7.846870e-03 7.766034e-01 5.266205e-02
1.083200e+01 1.065132e+00 -4.739774e-02 -1.660149e-01 8.072427e-03 7.774569e-01 5.334457e-02
1.084800e+01 1.064379e+00 -4.708049e-02 -1.658903e-01 7.790247e-03 7.783187e-01 5.386428e-02
1.086400e+01 1.063630e+00 -4.678288e-02 -1.657589e-01 8.209698e-03 7.791876e-01 5.430703e-02
1.088000e+01 1.062889e+00 -4.628345e-02 -1.656344e-01 7.783762e-03 7.800652e-01 5.484938e-02
1.089600e+01 1.062153e+00 -4.602132e-02 -1.655022e-01 8.260198e-03 7.809506e-01 5.533889e-02
1.091200e+01 1.061421e+00 -4.578056e-02 -1.653731e-01 8.071563e-03 7.818407e-01 5.562959e-02
1.092800e+01 1.060694e+00 -4.541937e-02 -1.652438e-01 8.076517e-03 7.827378e-01 5.606633e-02
1.094400e+01 1.059972e+00 -4.511587e-02 -1.651174e-01 7.901767e-03 7.836416e-01 5.649084e-02
1.096000e+01 1.059257e+00 -4.471901e-02 -1.649911e-01 7.895258e-03 7.845507e-01 5.681916e-02
1.097600e+01 1.058548e+00 -4.428475e-02 -1.648691e-01 7.624117e-03 7.854616e-01 5.693185e-02
1.099200e+01 1.057846e+00 -4.386982e-02 -1.647479e-01 7.575832e-03 7.863746e-01 5.706215e-02
1.100800e+01 1.057151e+00 -4.341310e-02 -1.646344e-01 7.092431e-03 7.872866e-01 5.699474e-02
1.102400e+01 1.056469e+00 -4.262859e-02 -1.645242e-01 6.891137e-03 7.881937e-01 5.669585e-02
1.104000e+01 1.055799e+00 -4.189121e-02 -1.644192e-01 6.561826e-03 7.890974e-01 5.648055e-02
1.105600e+01 1.055135e+00 -4.150518e-02 -1.643191e-01 6.253039e-03 7.899997e-01 5.639648e-02
1.107200e+01 1.054477e+00 -4.111016e-02 -1.642226e-01 6.031257e-03 7.909018e-01 5.638083e-02
1.108800e+01 1.053826e+00 -4.071871e-02 -1.641283e-01 5.894584e-03 7.918025e-01 5.629356e-02
1.110400e+01 1.053179e+00 -4.040469e-02 -1.640363e-01 5.752928e-03 7.927033e-01 5.629868e-02
1.112000e+01 1.052538e+00 -4.007140e-02 -1.639492e-01 5.442567e-03 7.936026e-01 5.620733e-02
1.113600e+01 1.051903e+00 -3.968715e-02 -1.638605e-01 5.542915e-03 7.944977e-01 5.594280e-02
1.115200e+01 1.051273e+00 -3.937168e-02 -1.637804e-01 5.004405e-03 7.953881e-01 5.564936e-02
1.116800e+01 1.050652e+00 -3.885837e-02 -1.636967e-01 5.231618e-03 7.962738e-01 5.535476e-02
1.118400e+01 1.050038e+00 -3.835782e-02 -1.636217e-01 4.689629e-03 7.971516e-01 5.486447e-02
1.120000e+01 1.049430e+00 -3.799525e-02 -1.635484e-01 4.579027e-03 7.980213e-01 5.435953e-02
1.121600e+01 1.048828e+00 -3.761230e-02 -1.634786e-01 4.362015e-03 7.988856e-01 5.401691e-02
1.123200e+01 1.048234e+00 -3.713685e-02 -1.634136e-01 4.065412e-03 7.997432e-01 5.359831e-02
1.124800e+01 1.047645e+00 -3.680380e-02 -1.633500e-01 3.973532e-03 8.005909e-01 5.298397e-02
1.126400e+01 1.047063e+00 -3.636936e-02 -1.632921e-01 3.617076e-03 8.014291e-01 5.238384e-02
1.128000e+01 1.046486e+00 -3.605275e-02 -1.632331e-01 3.686751e-03 8.022583e-01 5.182661e-02
1.129600e+01 1.045918e+00 -3.554817e-02 -1.631806e-01 3.280810e-03 8.030778e-01 5.121827e-02
1.131200e+01 1.045356e+00 -3.508824e-02 -1.631246e-01 3.501421e-03 8.038870e-01 5.057810e-02
1.132800e+01 1.044802e+00 -3.461467e-02 -1.630732e-01 3.216687e-03 8.046885e-01 5.008917e-02
1.134400e+01 1.044257e+00 -3.410577e-02 -1.630223e-01 3.179077e-03 8.054832e-01 4.967198e-02
1.136000e+01 1.043716e+00 -3.379204e-02 -1.629714e-01 3.180663e-03 8.062703e-01 4.919398e-02
1.137600e+01 1.043183e+00 -3.330470e-02 -1.629235e-01 2.992831e-03 8.070501e-01 4.873433e-02
1.139200e+01 1.042655e+00 -3.301336e-02 -1.628729e-01 3.164419e-03 8.078214e-01 4.820501e-02
1.140800e+01 1.042126e+00 -3.304813e-02 -1.628299e-01 2.689484e-03 8.085809e-01 4.746986e-02
1.142400e+01 1.041599e+00 -3.294634e-02 -1.627844e-01 2.840636e-03 8.093274e-01 4.665830e-02
1.144000e+01 1.041072e+00 -3.293655e-02 -1.627483e-01 2.255506e-03 8.100624e-01 4.593747e-02
1.145600e+01 1.040544e+00 -3.298387e-02 -1.627069e-01 2.589893e-03 8.107868e-01 4.527432e-02
1.147200e+01 1.040016e+00 -3.298782e-02 -1.626741e-01 2.050483e-03 8.115000e-01 4.457553e-02
1.148800e+01 1.039491e+00 -3.285239e-02 -1.626379e-01 2.262003e-03 8.122029e-01 4.393267e-02
1.150400e+01 1.038966e+00 -3.276721e-02 -1.626042e-01 2.105458e-03 8.128977e-01 4.342527e-02
1.152000e+01 1.038447e+00 -3.247909e-02 -1.625767e-01 1.718100e-03 8.135813e-01 4.272570e-02
1.153600e+01 1.037938e+00 -3.176884e-02 -1.625439e-01 2.052518e-03 8.142532e-01 4.199180e-02
1.155200e+01 1.037442e+00 -3.102696e-02 -1.625249e-01 1.183961e-03 8.149150e-01 4.135981e-02
1.156800e+01 1.036957e+00 -3.030842e-02 -1.624963e-01 1.788127e-03 8.155675e-01 4.078208e-02
1.158400e+01 1.036481e+00 -2.976082e-02 -1.624749e-01 1.340010e-03 8.162073e-01 3.998706e-02
1.160000e+01 1.036011e+00 -2.937069e-02 -1.624511e-01 1.485682e-03 8.168372e-01 3.937287e-02
1.161600e+01 1.035550e+00 -2.883908e-02 -1.624266e-01 1.532341e-03 8.174588e-01 3.884925e-02
1.163200e+01 1.035096e+00 -2.831947e-02 -1.624037e-01 1.430717e-03 8.180674e-01 3.803649e-02
1.164800e+01 1.034652e+00 -2.779400e-02 -1.623800e-01 1.483239e-03 8.186617e-01 3.714137e-02
1.166400e+01 1.034216e+00 -2.726097e-02 -1.623623e-01 1.100795e-03 8.192401e-01 3.615277e-02
1.168000e+01 1.033790e+00 -2.662374e-02 -1.623406e-01 1.359643e-03 8.198034e-01 3.520240e-02
1.169600e+01 1.033372e+00 -2.609646e-02 -1.623255e-01 9.407754e-04 8.203514e-01 3.425381e-02
1.171200e+01 1.032960e+00 -2.575352e-02 -1.623070e-01 1.156474e-03 8.208847e-01 3.333077e-02
1.172800e+01 1.032555e+00 -2.534028e-02 -1.622928e-01 8.867708e-04 8.214046e-01 3.249646e-02
1.174400e+01 1.032155e+00 -2.498946e-02 -1.622796e-01 8.261662e-04 8.219104e-01 3.161183e-02
1.176000e+01 1.031760e+00 -2.468084e-02 -1.622680e-01 7.280766e-04 8.224007e-01 3.064238e-02
1.177600e+01 1.031371e+00 -2.432306e-02 -1.622587e-01 5.783111e-04 8.228768e-01 2.975736e-02
1.179200e+01 1.030988e+00 -2.389082e-02 -1.622497e-01 5.663193e-04 8.233388e-01 2.887568e-02
1.180800e+01 1.030613e+00 -2.343785e-02 -1.622462e-01 2.180540e-04 8.237860e-01 2.794461e-02
1.182400e+01 1.030244e+00 -2.309842e-02 -1.622404e-01 3.582925e-04 8.242213e-01 2.720886e-02
1.184000e+01 1.029880e+00 -2.271923e-02 -1.622395e-01 5.666581e-05 8.246453e-01 2.649819e-02
1.185600e+01 1.029523e+00 -2.235233e-02 -1.622394e-01 9.118659e-06 8.250574e-01 2.575950e-02
1.187200e+01 1.029173e+00 -2.184882e-02 -1.622424e-01 -1.913863e-04 8.254581e-01 2.504337e-02
1.188800e+01 1.028829e+00 -2.150967e-02 -1.622473e-01 -3.059144e-04 8.258460e-01 2.424076e-02
1.190400e+01 1.028486e+00 -2.142470e-02 -1.622529e-01 -3.495732e-04 8.262202e-01 2.339245e-02
1.192000e+01 1.028149e+00 -2.106908e-02 -1.622628e-01 -6.153548e-04 8.265820e-01 2.261002e-02
1.193600e+01 1.027818e+00 -2.067371e-02 -1.622691e-01 -3.944431e-04 8.269326e-01 2.191261e-02
1.195200e+01 1.027492e+00 -2.039569e-02 -1.622826e-01 -8.465431e-04 8.272723e-01 2.123320e-02
1.196800e+01 1.027171e+00 -2.006945e-02 -1.622946e-01 -7.452369e-04 8.276012e-01 2.055192e-02
1.198400e+01 1.026854e+00 -1.977922e-02 -1.623088e-01 -8.879468e-04 8.279177e-01 1.978122e-02
