# Time-series file. Body: 3.000000, Strike: -12.000000, Dip: 0.000000
# This is the file header:
# problem=TPV205
# author=D. Roten
# date=Tue Nov 17 12:01:58 2009
# code=FD3D-SGSN
# code_version=2.4.6_ETH with cohesion
# element_size=100 m
# time_step=0.016000
# num_time_step=12000.000000
# Column #1 = Time (s)
# Column #2 = horizontal displacement (m)
# Column #3 = horizontal velocity (m/s)
# Column #4 = vertical displacement (m)
# Column #5 = vertical velocity (m/s)
# Column #6 = normal displacement (m)
# Column #7 = normal velocity (m/s)
# The line below lists the names of the data fields.
t  h-disp  h-vel  v-disp  v-vel  n-disp  n-vel
0.000000e+00 0.000000e+00 0.000000e+00 -0.000000e+00 -0.000000e+00 0.000000e+00 0.000000e+00
1.600000e-02 0.000000e+00 0.000000e+00 -0.000000e+00 -0.000000e+00 0.000000e+00 0.000000e+00
3.200000e-02 0.000000e+00 0.000000e+00 -0.000000e+00 -0.000000e+00 0.000000e+00 0.000000e+00
4.800000e-02 0.000000e+00 0.000000e+00 -0.000000e+00 -0.000000e+00 0.000000e+00 0.000000e+00
6.400000e-02 0.000000e+00 0.000000e+00 -0.000000e+00 -0.000000e+00 0.000000e+00 0.000000e+00
8.000000e-02 0.000000e+00 0.000000e+00 -0.000000e+00 -0.000000e+00 0.000000e+00 0.000000e+00
9.600000e-02 0.000000e+00 0.000000e+00 -0.000000e+00 -0.000000e+00 0.000000e+00 0.000000e+00
1.120000e-01 0.000000e+00 0.000000e+00 -0.000000e+00 -0.000000e+00 0.000000e+00 0.000000e+00
1.280000e-01 0.000000e+00 0.000000e+00 -0.000000e+00 -0.000000e+00 0.000000e+00 0.000000e+00
1.440000e-01 0.000000e+00 0.000000e+00 -0.000000e+00 -0.000000e+00 0.000000e+00 0.000000e+00
1.600000e-01 0.000000e+00 0.000000e+00 -0.000000e+00 -0.000000e+00 0.000000e+00 0.000000e+00
1.760000e-01 0.000000e+00 0.000000e+00 -0.000000e+00 -0.000000e+00 0.000000e+00 0.000000e+00
1.920000e-01 0.000000e+00 0.000000e+00 -0.000000e+00 -0.000000e+00 0.000000e+00 0.000000e+00
2.080000e-01 0.000000e+00 0.000000e+00 -0.000000e+00 -0.000000e+00 0.000000e+00 0.000000e+00
2.240000e-01 0.000000e+00 0.000000e+00 -0.000000e+00 -0.000000e+00 0.000000e+00 0.000000e+00
2.400000e-01 0.000000e+00 0.000000e+00 -0.000000e+00 -0.000000e+00 0.000000e+00 0.000000e+00
2.560000e-01 0.000000e+00 0.000000e+00 -0.000000e+00 -0.000000e+00 0.000000e+00 0.000000e+00
2.720000e-01 0.000000e+00 0.000000e+00 -0.000000e+00 -0.000000e+00 0.000000e+00 0.000000e+00
2.880000e-01 0.000000e+00 0.000000e+00 -0.000000e+00 -0.000000e+00 0.000000e+00 0.000000e+00
3.040000e-01 0.000000e+00 0.000000e+00 -0.000000e+00 -0.000000e+00 0.000000e+00 0.000000e+00
3.200000e-01 0.000000e+00 0.000000e+00 -0.000000e+00 -0.000000e+00 0.000000e+00 0.000000e+00
3.360000e-01 0.000000e+00 0.000000e+00 -0.000000e+00 -0.000000e+00 0.000000e+00 0.000000e+00
3.520000e-01 0.000000e+00 0.000000e+00 -0.000000e+00 -0.000000e+00 0.000000e+00 0.000000e+00
3.680000e-01 0.000000e+00 0.000000e+00 -0.000000e+00 -0.000000e+00 0.000000e+00 0.000000e+00
3.840000e-01 0.000000e+00 0.000000e+00 -0.000000e+00 -0.000000e+00 0.000000e+00 0.000000e+00
4.000000e-01 0.000000e+00 0.000000e+00 -0.000000e+00 -0.000000e+00 0.000000e+00 0.000000e+00
4.160000e-01 0.000000e+00 0.000000e+00 -0.000000e+00 -0.000000e+00 0.000000e+00 0.000000e+00
4.320000e-01 0.000000e+00 0.000000e+00 -0.000000e+00 -0.000000e+00 0.000000e+00 0.000000e+00
4.480000e-01 0.000000e+00 0.000000e+00 -0.000000e+00 -0.000000e+00 0.000000e+00 0.000000e+00
4.640000e-01 0.000000e+00 0.000000e+00 -0.000000e+00 -0.000000e+00 0.000000e+00 0.000000e+00
4.800000e-01 0.000000e+00 0.000000e+00 -0.000000e+00 -0.000000e+00 0.000000e+00 0.000000e+00
4.960000e-01 0.000000e+00 0.000000e+00 -0.000000e+00 -0.000000e+00 0.000000e+00 0.000000e+00
5.120000e-01 0.000000e+00 0.000000e+00 -0.000000e+00 -0.000000e+00 0.000000e+00 0.000000e+00
5.280000e-01 0.000000e+00 0.000000e+00 -0.000000e+00 -0.000000e+00 0.000000e+00 0.000000e+00
5.440000e-01 0.000000e+00 0.000000e+00 -0.000000e+00 -0.000000e+00 0.000000e+00 0.000000e+00
5.600000e-01 0.000000e+00 0.000000e+00 -0.000000e+00 -0.000000e+00 0.000000e+00 0.000000e+00
5.760000e-01 0.000000e+00 0.000000e+00 -0.000000e+00 -0.000000e+00 0.000000e+00 0.000000e+00
5.920000e-01 0.000000e+00 0.000000e+00 -0.000000e+00 -0.000000e+00 0.000000e+00 0.000000e+00
6.080000e-01 0.000000e+00 0.000000e+00 -0.000000e+00 -0.000000e+00 0.000000e+00 0.000000e+00
6.240000e-01 0.000000e+00 0.000000e+00 -0.000000e+00 -0.000000e+00 0.000000e+00 0.000000e+00
6.400000e-01 0.000000e+00 0.000000e+00 -0.000000e+00 -0.000000e+00 0.000000e+00 0.000000e+00
6.560000e-01 0.000000e+00 0.000000e+00 -0.000000e+00 -0.000000e+00 0.000000e+00 0.000000e+00
6.720000e-01 0.000000e+00 0.000000e+00 -0.000000e+00 -0.000000e+00 0.000000e+00 0.000000e+00
6.880000e-01 0.000000e+00 0.000000e+00 -0.000000e+00 -0.000000e+00 0.000000e+00 0.000000e+00
7.040000e-01 0.000000e+00 0.000000e+00 -0.000000e+00 -0.000000e+00 0.000000e+00 0.000000e+00
7.200000e-01 0.000000e+00 0.000000e+00 -0.000000e+00 -0.000000e+00 0.000000e+00 0.000000e+00
7.360000e-01 0.000000e+00 0.000000e+00 -0.000000e+00 -0.000000e+00 0.000000e+00 0.000000e+00
7.520000e-01 0.000000e+00 0.000000e+00 -0.000000e+00 -0.000000e+00 0.000000e+00 0.000000e+00
7.680000e-01 0.000000e+00 0.000000e+00 -0.000000e+00 -0.000000e+00 0.000000e+00 0.000000e+00
7.840000e-01 0.000000e+00 0.000000e+00 -0.000000e+00 -0.000000e+00 0.000000e+00 0.000000e+00
8.000000e-01 0.000000e+00 0.000000e+00 -0.000000e+00 -0.000000e+00 0.000000e+00 0.000000e+00
8.160000e-01 0.000000e+00 0.000000e+00 -0.000000e+00 -0.000000e+00 0.000000e+00 0.000000e+00
8.320000e-01 0.000000e+00 0.000000e+00 -0.000000e+00 -0.000000e+00 0.000000e+00 0.000000e+00
8.480000e-01 0.000000e+00 0.000000e+00 -0.000000e+00 -0.000000e+00 0.000000e+00 0.000000e+00
8.640000e-01 0.000000e+00 0.000000e+00 -0.000000e+00 -0.000000e+00 0.000000e+00 0.000000e+00
8.800000e-01 0.000000e+00 0.000000e+00 -0.000000e+00 -0.000000e+00 0.000000e+00 0.000000e+00
8.960000e-01 0.000000e+00 0.000000e+00 -0.000000e+00 -0.000000e+00 0.000000e+00 0.000000e+00
9.120000e-01 0.000000e+00 0.000000e+00 -0.000000e+00 -0.000000e+00 0.000000e+00 0.000000e+00
9.280000e-01 0.000000e+00 0.000000e+00 -0.000000e+00 -0.000000e+00 0.000000e+00 0.000000e+00
9.440000e-01 0.000000e+00 0.000000e+00 -0.000000e+00 -0.000000e+00 0.000000e+00 0.000000e+00
9.600000e-01 0.000000e+00 0.000000e+00 -0.000000e+00 -0.000000e+00 0.000000e+00 0.000000e+00
9.760000e-01 0.000000e+00 0.000000e+00 -0.000000e+00 -0.000000e+00 0.000000e+00 0.000000e+00
9.920000e-01 0.000000e+00 0.000000e+00 -0.000000e+00 -0.000000e+00 0.000000e+00 0.000000e+00
1.008000e+00 0.000000e+00 0.000000e+00 -0.000000e+00 -0.000000e+00 0.000000e+00 0.000000e+00
1.024000e+00 0.000000e+00 0.000000e+00 -0.000000e+00 -0.000000e+00 0.000000e+00 0.000000e+00
1.040000e+00 0.000000e+00 0.000000e+00 -0.000000e+00 -0.000000e+00 0.000000e+00 0.000000e+00
1.056000e+00 0.000000e+00 0.000000e+00 -0.000000e+00 -0.000000e+00 0.000000e+00 0.000000e+00
1.072000e+00 0.000000e+00 0.000000e+00 -0.000000e+00 -0.000000e+00 0.000000e+00 0.000000e+00
1.088000e+00 0.000000e+00 0.000000e+00 -0.000000e+00 -0.000000e+00 0.000000e+00 0.000000e+00
1.104000e+00 0.000000e+00 0.000000e+00 -0.000000e+00 -0.000000e+00 0.000000e+00 0.000000e+00
1.120000e+00 0.000000e+00 0.000000e+00 -0.000000e+00 -0.000000e+00 0.000000e+00 0.000000e+00
1.136000e+00 0.000000e+00 0.000000e+00 -0.000000e+00 -0.000000e+00 0.000000e+00 0.000000e+00
1.152000e+00 0.000000e+00 0.000000e+00 -0.000000e+00 -0.000000e+00 0.000000e+00 0.000000e+00
1.168000e+00 0.000000e+00 0.000000e+00 -0.000000e+00 -0.000000e+00 0.000000e+00 0.000000e+00
1.184000e+00 0.000000e+00 0.000000e+00 -0.000000e+00 -0.000000e+00 0.000000e+00 0.000000e+00
1.200000e+00 0.000000e+00 0.000000e+00 -0.000000e+00 -0.000000e+00 0.000000e+00 0.000000e+00
1.216000e+00 0.000000e+00 0.000000e+00 -0.000000e+00 -0.000000e+00 0.000000e+00 0.000000e+00
1.232000e+00 0.000000e+00 0.000000e+00 -0.000000e+00 -0.000000e+00 0.000000e+00 0.000000e+00
1.248000e+00 0.000000e+00 0.000000e+00 -0.000000e+00 -0.000000e+00 0.000000e+00 0.000000e+00
1.264000e+00 0.000000e+00 0.000000e+00 -0.000000e+00 -0.000000e+00 0.000000e+00 0.000000e+00
1.280000e+00 0.000000e+00 0.000000e+00 -0.000000e+00 -0.000000e+00 0.000000e+00 0.000000e+00
1.296000e+00 0.000000e+00 0.000000e+00 -0.000000e+00 -0.000000e+00 0.000000e+00 0.000000e+00
1.312000e+00 0.000000e+00 0.000000e+00 -0.000000e+00 -0.000000e+00 0.000000e+00 0.000000e+00
1.328000e+00 0.000000e+00 0.000000e+00 -0.000000e+00 -0.000000e+00 0.000000e+00 0.000000e+00
1.344000e+00 0.000000e+00 0.000000e+00 -0.000000e+00 -0.000000e+00 0.000000e+00 0.000000e+00
1.360000e+00 0.000000e+00 0.000000e+00 -0.000000e+00 -0.000000e+00 0.000000e+00 0.000000e+00
1.376000e+00 0.000000e+00 0.000000e+00 -0.000000e+00 -0.000000e+00 0.000000e+00 0.000000e+00
1.392000e+00 0.000000e+00 0.000000e+00 -0.000000e+00 -0.000000e+00 0.000000e+00 0.000000e+00
1.408000e+00 0.000000e+00 0.000000e+00 -0.000000e+00 -0.000000e+00 0.000000e+00 0.000000e+00
1.424000e+00 0.000000e+00 0.000000e+00 -0.000000e+00 -0.000000e+00 0.000000e+00 0.000000e+00
1.440000e+00 0.000000e+00 0.000000e+00 -0.000000e+00 -0.000000e+00 0.000000e+00 0.000000e+00
1.456000e+00 0.000000e+00 0.000000e+00 -0.000000e+00 -0.000000e+00 0.000000e+00 0.000000e+00
1.472000e+00 0.000000e+00 0.000000e+00 -0.000000e+00 -0.000000e+00 0.000000e+00 0.000000e+00
1.488000e+00 0.000000e+00 0.000000e+00 -0.000000e+00 -0.000000e+00 0.000000e+00 0.000000e+00
1.504000e+00 0.000000e+00 0.000000e+00 -0.000000e+00 -0.000000e+00 0.000000e+00 0.000000e+00
1.520000e+00 0.000000e+00 0.000000e+00 -0.000000e+00 -0.000000e+00 0.000000e+00 0.000000e+00
1.536000e+00 0.000000e+00 0.000000e+00 -0.000000e+00 -0.000000e+00 0.000000e+00 0.000000e+00
1.552000e+00 0.000000e+00 0.000000e+00 -0.000000e+00 -0.000000e+00 0.000000e+00 0.000000e+00
1.568000e+00 0.000000e+00 0.000000e+00 -0.000000e+00 -0.000000e+00 0.000000e+00 0.000000e+00
1.584000e+00 0.000000e+00 0.000000e+00 -0.000000e+00 -0.000000e+00 0.000000e+00 0.000000e+00
1.600000e+00 0.000000e+00 0.000000e+00 -0.000000e+00 -0.000000e+00 0.000000e+00 0.000000e+00
1.616000e+00 0.000000e+00 0.000000e+00 -0.000000e+00 -0.000000e+00 0.000000e+00 0.000000e+00
1.632000e+00 0.000000e+00 0.000000e+00 -0.000000e+00 -0.000000e+00 0.000000e+00 0.000000e+00
1.648000e+00 0.000000e+00 0.000000e+00 -0.000000e+00 -0.000000e+00 0.000000e+00 0.000000e+00
1.664000e+00 0.000000e+00 0.000000e+00 -0.000000e+00 -0.000000e+00 0.000000e+00 0.000000e+00
1.680000e+00 0.000000e+00 0.000000e+00 -0.000000e+00 -0.000000e+00 0.000000e+00 0.000000e+00
1.696000e+00 0.000000e+00 0.000000e+00 -0.000000e+00 -0.000000e+00 0.000000e+00 0.000000e+00
1.712000e+00 0.000000e+00 0.000000e+00 -0.000000e+00 -0.000000e+00 0.000000e+00 0.000000e+00
1.728000e+00 0.000000e+00 0.000000e+00 -0.000000e+00 -0.000000e+00 0.000000e+00 0.000000e+00
1.744000e+00 0.000000e+00 0.000000e+00 -0.000000e+00 -0.000000e+00 0.000000e+00 0.000000e+00
1.760000e+00 -1.306711e-39 -8.166947e-38 2.354643e-39 1.471652e-37 -1.125384e-39 -7.033648e-38
1.776000e+00 2.926812e-36 1.830074e-34 3.182153e-36 1.987374e-34 -4.309532e-36 -2.692754e-34
1.792000e+00 2.366564e-34 1.460810e-32 1.678285e-34 1.029040e-32 -2.660788e-34 -1.636058e-32
1.808000e+00 -1.414342e-32 -8.987548e-31 -2.102557e-32 -1.324587e-30 2.616040e-32 1.651655e-30
1.824000e+00 -2.291473e-30 -1.423331e-28 -2.140401e-30 -1.324610e-28 3.043589e-30 1.885893e-28
1.840000e+00 -2.749578e-29 -1.575269e-27 1.216123e-29 8.938518e-28 -2.557728e-31 -2.062101e-28
1.856000e+00 6.352779e-27 3.987672e-25 7.126135e-27 4.446234e-25 -9.586624e-27 -5.991480e-25
1.872000e+00 2.287252e-25 1.389828e-23 1.565300e-25 9.337742e-24 -2.469670e-25 -1.483628e-23
1.888000e+00 -6.394448e-24 -4.139483e-22 -9.637297e-24 -6.121142e-22 9.797193e-24 6.277600e-22
1.904000e+00 -1.376305e-21 -8.561942e-20 -1.504818e-21 -9.344879e-20 6.820708e-22 4.201710e-20
1.920000e+00 -3.935084e-19 -2.450826e-17 -4.286181e-19 -2.669458e-17 8.254799e-20 5.116620e-18
1.936000e+00 -1.094990e-16 -6.819090e-15 -1.250015e-16 -7.785806e-15 2.737339e-17 1.705678e-15
1.952000e+00 -1.777491e-14 -1.104088e-12 -2.337518e-14 -1.453136e-12 6.208318e-15 3.863090e-13
1.968000e+00 -5.983173e-13 -3.628390e-11 -1.349860e-12 -8.290532e-11 4.351223e-13 2.680712e-11
1.984000e+00 6.566931e-11 4.141727e-09 5.904445e-11 3.774645e-09 -1.296398e-11 -8.374439e-10
2.000000e+00 2.504024e-10 1.154582e-08 1.189232e-09 7.063672e-08 -2.538579e-10 -1.505587e-08
2.016000e+00 -2.928426e-09 -1.986768e-07 -6.403765e-09 -4.745623e-07 1.347094e-09 1.000595e-07
2.032000e+00 -1.437152e-08 -7.151934e-07 -1.393204e-08 -4.705169e-07 4.363740e-09 1.885404e-07
2.048000e+00 -2.720934e-08 -8.023637e-07 -2.667710e-08 -7.965664e-07 9.031811e-09 2.917544e-07
2.064000e+00 3.692512e-08 4.008404e-06 2.332058e-08 3.124855e-06 -1.202637e-08 -1.316136e-06
2.080000e+00 3.997335e-07 2.267553e-05 2.520490e-07 1.429553e-05 -1.115609e-07 -6.220909e-06
2.096000e+00 1.115983e-06 4.476560e-05 6.893563e-07 2.733171e-05 -2.921290e-07 -1.128550e-05
2.112000e+00 2.229482e-06 6.959366e-05 1.363826e-06 4.215438e-05 -5.517869e-07 -1.622862e-05
2.128000e+00 3.788517e-06 9.743968e-05 2.302792e-06 5.868535e-05 -8.888882e-07 -2.106883e-05
2.144000e+00 5.851793e-06 1.289548e-04 3.543947e-06 7.757220e-05 -1.302110e-06 -2.582634e-05
2.160000e+00 8.482582e-06 1.644243e-04 5.124271e-06 9.877024e-05 -1.789984e-06 -3.049214e-05
2.176000e+00 1.175758e-05 2.046872e-04 7.092072e-06 1.229876e-04 -2.351616e-06 -3.510200e-05
2.192000e+00 1.576082e-05 2.502025e-04 9.496967e-06 1.503059e-04 -2.986104e-06 -3.965553e-05
2.208000e+00 2.059162e-05 3.019253e-04 1.240118e-05 1.815134e-04 -3.692781e-06 -4.416729e-05
2.224000e+00 2.636219e-05 3.606606e-04 1.587130e-05 2.168823e-04 -4.471610e-06 -4.867683e-05
2.240000e+00 3.320050e-05 4.273942e-04 1.998498e-05 2.571049e-04 -5.322323e-06 -5.316958e-05
2.256000e+00 4.125720e-05 5.035439e-04 2.483632e-05 3.032087e-04 -6.245453e-06 -5.769562e-05
2.272000e+00 5.070636e-05 5.905723e-04 3.053751e-05 3.563248e-04 -7.244716e-06 -6.245392e-05
2.288000e+00 6.171557e-05 6.880755e-04 3.717311e-05 4.147250e-04 -8.311515e-06 -6.667491e-05
2.304000e+00 7.452535e-05 8.006115e-04 4.491350e-05 4.837744e-04 -9.455101e-06 -7.147418e-05
2.320000e+00 8.938395e-05 9.286623e-04 5.388436e-05 5.606784e-04 -1.067334e-05 -7.614010e-05
2.336000e+00 1.067025e-04 1.082408e-03 6.436194e-05 6.548492e-04 -1.200628e-05 -8.330873e-05
2.352000e+00 1.266174e-04 1.244684e-03 7.637530e-05 7.508345e-04 -1.339465e-05 -8.677319e-05
2.368000e+00 1.494098e-04 1.424524e-03 9.006638e-05 8.556930e-04 -1.482192e-05 -8.920427e-05
2.384000e+00 1.754051e-04 1.624710e-03 1.056449e-04 9.736574e-04 -1.627332e-05 -9.071224e-05
2.400000e+00 2.051541e-04 1.859310e-03 1.234464e-04 1.112592e-03 -1.777911e-05 -9.411173e-05
2.416000e+00 2.391936e-04 2.127469e-03 1.438347e-04 1.274268e-03 -1.936066e-05 -9.884710e-05
2.432000e+00 2.783744e-04 2.448801e-03 1.672660e-04 1.464459e-03 -2.108414e-05 -1.077173e-04
2.448000e+00 3.232936e-04 2.807449e-03 1.940766e-04 1.675660e-03 -2.290839e-05 -1.140160e-04
2.464000e+00 3.749947e-04 3.231318e-03 2.249198e-04 1.927702e-03 -2.492409e-05 -1.259809e-04
2.480000e+00 4.340209e-04 3.689141e-03 2.600993e-04 2.198718e-03 -2.704801e-05 -1.327455e-04
2.496000e+00 5.018641e-04 4.240197e-03 3.005668e-04 2.529217e-03 -2.939025e-05 -1.463898e-04
2.512000e+00 5.796787e-04 4.863414e-03 3.468077e-04 2.890062e-03 -3.196962e-05 -1.612106e-04
2.528000e+00 6.686912e-04 5.563278e-03 3.997879e-04 3.311261e-03 -3.479490e-05 -1.765797e-04
2.544000e+00 7.703861e-04 6.355936e-03 4.603537e-04 3.785361e-03 -3.788194e-05 -1.929404e-04
2.560000e+00 8.872985e-04 7.307025e-03 5.301799e-04 4.364134e-03 -4.144320e-05 -2.225784e-04
2.576000e+00 1.021492e-03 8.387096e-03 6.105331e-04 5.022077e-03 -4.551461e-05 -2.544637e-04
2.592000e+00 1.176243e-03 9.671962e-03 7.031514e-04 5.788643e-03 -5.035808e-05 -3.027164e-04
2.608000e+00 1.355488e-03 1.120280e-02 8.105665e-04 6.713443e-03 -5.629046e-05 -3.707742e-04
2.624000e+00 1.564985e-03 1.309352e-02 9.369092e-04 7.896420e-03 -6.405827e-05 -4.854876e-04
2.640000e+00 1.807959e-03 1.518589e-02 1.082820e-03 9.119413e-03 -7.335605e-05 -5.811118e-04
2.656000e+00 2.092129e-03 1.776062e-02 1.253522e-03 1.066890e-02 -8.517957e-05 -7.389695e-04
2.672000e+00 2.437377e-03 2.157804e-02 1.462536e-03 1.306336e-02 -1.035674e-04 -1.149239e-03
2.688000e+00 2.792283e-03 2.218157e-02 1.672912e-03 1.314849e-02 -1.119152e-04 -5.217398e-04
2.704000e+00 3.130204e-03 2.112006e-02 1.872616e-03 1.248148e-02 -1.041244e-04 4.869242e-04
2.720000e+00 3.460207e-03 2.062519e-02 2.067421e-03 1.217534e-02 -8.330483e-05 1.301226e-03
2.736000e+00 3.786372e-03 2.038532e-02 2.259542e-03 1.200757e-02 -5.096180e-05 2.021439e-03
2.752000e+00 4.110996e-03 2.028903e-02 2.449998e-03 1.190349e-02 -7.984975e-06 2.686052e-03
2.768000e+00 4.435826e-03 2.030189e-02 2.639450e-03 1.184079e-02 4.492684e-05 3.306988e-03
2.784000e+00 4.760968e-03 2.032134e-02 2.828244e-03 1.179958e-02 1.075337e-04 3.912932e-03
2.800000e+00 5.085500e-03 2.028323e-02 3.016237e-03 1.174956e-02 1.799653e-04 4.526975e-03
2.816000e+00 5.408264e-03 2.017276e-02 3.202290e-03 1.162833e-02 2.623334e-04 5.148003e-03
2.832000e+00 5.729909e-03 2.010282e-02 3.386665e-03 1.152345e-02 3.541718e-04 5.739902e-03
2.848000e+00 6.049046e-03 1.994611e-02 3.569268e-03 1.141269e-02 4.557054e-04 6.345850e-03
2.864000e+00 6.365855e-03 1.980056e-02 3.749491e-03 1.126392e-02 5.665551e-04 6.928102e-03
2.880000e+00 6.680501e-03 1.966535e-02 3.928172e-03 1.116758e-02 6.864872e-04 7.495756e-03
2.896000e+00 6.993426e-03 1.955781e-02 4.105160e-03 1.106172e-02 8.151551e-04 8.041750e-03
2.912000e+00 7.305205e-03 1.948621e-02 4.280656e-03 1.096854e-02 9.521899e-04 8.564672e-03
2.928000e+00 7.617034e-03 1.948927e-02 4.456267e-03 1.097564e-02 1.097099e-03 9.056809e-03
2.944000e+00 7.928347e-03 1.945708e-02 4.630443e-03 1.088605e-02 1.249773e-03 9.542160e-03
2.960000e+00 8.238188e-03 1.936506e-02 4.804596e-03 1.088456e-02 1.410278e-03 1.003153e-02
2.976000e+00 8.548846e-03 1.941613e-02 4.977547e-03 1.080939e-02 1.578097e-03 1.048872e-02
2.992000e+00 8.859705e-03 1.942872e-02 5.150348e-03 1.080007e-02 1.753093e-03 1.093723e-02
3.008000e+00 9.171433e-03 1.948296e-02 5.325642e-03 1.095588e-02 1.934849e-03 1.135974e-02
3.024000e+00 9.484502e-03 1.956683e-02 5.500610e-03 1.093547e-02 2.123338e-03 1.178058e-02
3.040000e+00 9.799956e-03 1.971590e-02 5.677687e-03 1.106732e-02 2.318137e-03 1.217494e-02
3.056000e+00 1.011782e-02 1.986678e-02 5.854956e-03 1.107934e-02 2.519086e-03 1.255934e-02
3.072000e+00 1.043957e-02 2.010901e-02 6.034167e-03 1.120067e-02 2.726101e-03 1.293838e-02
3.088000e+00 1.076660e-02 2.043957e-02 6.216974e-03 1.142544e-02 2.938530e-03 1.327685e-02
3.104000e+00 1.109834e-02 2.073391e-02 6.404053e-03 1.169244e-02 3.156642e-03 1.363200e-02
3.120000e+00 1.143528e-02 2.105848e-02 6.594061e-03 1.187554e-02 3.380131e-03 1.396807e-02
3.136000e+00 1.177911e-02 2.148915e-02 6.789053e-03 1.218697e-02 3.609111e-03 1.431126e-02
3.152000e+00 1.212942e-02 2.189448e-02 6.986605e-03 1.234700e-02 3.843186e-03 1.462970e-02
3.168000e+00 1.248745e-02 2.237670e-02 7.189787e-03 1.269891e-02 4.082565e-03 1.496117e-02
3.184000e+00 1.285340e-02 2.287205e-02 7.397281e-03 1.296832e-02 4.327169e-03 1.528773e-02
3.200000e+00 1.322858e-02 2.344865e-02 7.610136e-03 1.330348e-02 4.576683e-03 1.559461e-02
3.216000e+00 1.361234e-02 2.398513e-02 7.829275e-03 1.369619e-02 4.831641e-03 1.593488e-02
3.232000e+00 1.400655e-02 2.463793e-02 8.054699e-03 1.408897e-02 5.091570e-03 1.624556e-02
3.248000e+00 1.441074e-02 2.526242e-02 8.287917e-03 1.457617e-02 5.356922e-03 1.658449e-02
3.264000e+00 1.482395e-02 2.582543e-02 8.525329e-03 1.483820e-02 5.627784e-03 1.692889e-02
3.280000e+00 1.524903e-02 2.656724e-02 8.769723e-03 1.527463e-02 5.903956e-03 1.726077e-02
3.296000e+00 1.568497e-02 2.724667e-02 9.020167e-03 1.565279e-02 6.185686e-03 1.760808e-02
3.312000e+00 1.613269e-02 2.798198e-02 9.277797e-03 1.610185e-02 6.472914e-03 1.795177e-02
3.328000e+00 1.659213e-02 2.871556e-02 9.542845e-03 1.656550e-02 6.765938e-03 1.831402e-02
3.344000e+00 1.706423e-02 2.950581e-02 9.815955e-03 1.706936e-02 7.064663e-03 1.867031e-02
3.360000e+00 1.754998e-02 3.035924e-02 1.009891e-02 1.768467e-02 7.369102e-03 1.902742e-02
3.376000e+00 1.804740e-02 3.108876e-02 1.038926e-02 1.814684e-02 7.679815e-03 1.941959e-02
3.392000e+00 1.855906e-02 3.197872e-02 1.068803e-02 1.867295e-02 7.996546e-03 1.979567e-02
3.408000e+00 1.908387e-02 3.280117e-02 1.099435e-02 1.914496e-02 8.319886e-03 2.020876e-02
3.424000e+00 1.962533e-02 3.384104e-02 1.131016e-02 1.973854e-02 8.649066e-03 2.057376e-02
3.440000e+00 2.018306e-02 3.485787e-02 1.163837e-02 2.051279e-02 8.984660e-03 2.097460e-02
3.456000e+00 2.075511e-02 3.575351e-02 1.197434e-02 2.099853e-02 9.326921e-03 2.139128e-02
3.472000e+00 2.134487e-02 3.685955e-02 1.232332e-02 2.181092e-02 9.675954e-03 2.181459e-02
3.488000e+00 2.195034e-02 3.784218e-02 1.268207e-02 2.242203e-02 1.003203e-02 2.225447e-02
3.504000e+00 2.257446e-02 3.900719e-02 1.305233e-02 2.314135e-02 1.039495e-02 2.268274e-02
3.520000e+00 2.321476e-02 4.001900e-02 1.343182e-02 2.371770e-02 1.076552e-02 2.316071e-02
3.536000e+00 2.387454e-02 4.123620e-02 1.382359e-02 2.448608e-02 1.114351e-02 2.362449e-02
3.552000e+00 2.455232e-02 4.236154e-02 1.422628e-02 2.516785e-02 1.152923e-02 2.410762e-02
3.568000e+00 2.525098e-02 4.366608e-02 1.464323e-02 2.605957e-02 1.192248e-02 2.457810e-02
3.584000e+00 2.596787e-02 4.480549e-02 1.507377e-02 2.690869e-02 1.232378e-02 2.508080e-02
3.600000e+00 2.670536e-02 4.609298e-02 1.551839e-02 2.778881e-02 1.273232e-02 2.553401e-02
3.616000e+00 2.746245e-02 4.731807e-02 1.597516e-02 2.854803e-02 1.314848e-02 2.601022e-02
3.632000e+00 2.824165e-02 4.870061e-02 1.644517e-02 2.937580e-02 1.357188e-02 2.646199e-02
3.648000e+00 2.904134e-02 4.998041e-02 1.692656e-02 3.008660e-02 1.400295e-02 2.694201e-02
3.664000e+00 2.986494e-02 5.147477e-02 1.742323e-02 3.104230e-02 1.444127e-02 2.739494e-02
3.680000e+00 3.071090e-02 5.287233e-02 1.793507e-02 3.198965e-02 1.488724e-02 2.787357e-02
3.696000e+00 3.158262e-02 5.448286e-02 1.846497e-02 3.311878e-02 1.534028e-02 2.831468e-02
3.712000e+00 3.247688e-02 5.589127e-02 1.900931e-02 3.402151e-02 1.580101e-02 2.879569e-02
3.728000e+00 3.339819e-02 5.758174e-02 1.957192e-02 3.516313e-02 1.626903e-02 2.925124e-02
3.744000e+00 3.434470e-02 5.915723e-02 2.014807e-02 3.600910e-02 1.674422e-02 2.969939e-02
3.760000e+00 3.532009e-02 6.096132e-02 2.074317e-02 3.719408e-02 1.722645e-02 3.013946e-02
3.776000e+00 3.632415e-02 6.275385e-02 2.135396e-02 3.817437e-02 1.771505e-02 3.053753e-02
3.792000e+00 3.735832e-02 6.463605e-02 2.198420e-02 3.938980e-02 1.821007e-02 3.093853e-02
3.808000e+00 3.842548e-02 6.669726e-02 2.263615e-02 4.074684e-02 1.871078e-02 3.129436e-02
3.824000e+00 3.952618e-02 6.879380e-02 2.330833e-02 4.201106e-02 1.921653e-02 3.160921e-02
3.840000e+00 4.066476e-02 7.116114e-02 2.400408e-02 4.348473e-02 1.972651e-02 3.187382e-02
3.856000e+00 4.184348e-02 7.366985e-02 2.472146e-02 4.483609e-02 2.023940e-02 3.205585e-02
3.872000e+00 4.306707e-02 7.647477e-02 2.546229e-02 4.630195e-02 2.075412e-02 3.216989e-02
3.888000e+00 4.433984e-02 7.954783e-02 2.623178e-02 4.809273e-02 2.126821e-02 3.213098e-02
3.904000e+00 4.565962e-02 8.248636e-02 2.702711e-02 4.970829e-02 2.178276e-02 3.215916e-02
3.920000e+00 4.703145e-02 8.573936e-02 2.785475e-02 5.172784e-02 2.229541e-02 3.204077e-02
3.936000e+00 4.845257e-02 8.881985e-02 2.871021e-02 5.346579e-02 2.280581e-02 3.189950e-02
3.952000e+00 4.993074e-02 9.238553e-02 2.961233e-02 5.638245e-02 2.330726e-02 3.134083e-02
3.968000e+00 5.145344e-02 9.516871e-02 3.055336e-02 5.881440e-02 2.380229e-02 3.093955e-02
3.984000e+00 5.301660e-02 9.769762e-02 3.152977e-02 6.102563e-02 2.428977e-02 3.046767e-02
4.000000e+00 5.462443e-02 1.004896e-01 3.254728e-02 6.359434e-02 2.476625e-02 2.977958e-02
4.016000e+00 5.628272e-02 1.036434e-01 3.361112e-02 6.649053e-02 2.522438e-02 2.863312e-02
4.032000e+00 5.799362e-02 1.069310e-01 3.472639e-02 6.970417e-02 2.566100e-02 2.728917e-02
4.048000e+00 5.976357e-02 1.106217e-01 3.590271e-02 7.351983e-02 2.606841e-02 2.546278e-02
4.064000e+00 6.159401e-02 1.144029e-01 3.714587e-02 7.769772e-02 2.643793e-02 2.309498e-02
4.080000e+00 6.348631e-02 1.182684e-01 3.845900e-02 8.207069e-02 2.675885e-02 2.005778e-02
4.096000e+00 6.544201e-02 1.222316e-01 3.985126e-02 8.701637e-02 2.702438e-02 1.659575e-02
4.112000e+00 6.743021e-02 1.242625e-01 4.129400e-02 9.017102e-02 2.723412e-02 1.310852e-02
4.128000e+00 6.942408e-02 1.246164e-01 4.277226e-02 9.239104e-02 2.738509e-02 9.435758e-03
4.144000e+00 7.142654e-02 1.251540e-01 4.429176e-02 9.496912e-02 2.744836e-02 3.953853e-03
4.160000e+00 7.343219e-02 1.253531e-01 4.585284e-02 9.756706e-02 2.739363e-02 -3.420158e-03
4.176000e+00 7.542665e-02 1.246537e-01 4.744993e-02 9.981833e-02 2.717881e-02 -1.342639e-02
4.192000e+00 7.739048e-02 1.227396e-01 4.907354e-02 1.014755e-01 2.672763e-02 -2.819897e-02
4.208000e+00 7.931861e-02 1.205079e-01 5.071597e-02 1.026518e-01 2.602033e-02 -4.420601e-02
4.224000e+00 8.122121e-02 1.189126e-01 5.237957e-02 1.039753e-01 2.508700e-02 -5.833320e-02
4.240000e+00 8.310454e-02 1.177082e-01 5.406187e-02 1.051438e-01 2.395711e-02 -7.061817e-02
4.256000e+00 8.497510e-02 1.169099e-01 5.576291e-02 1.063147e-01 2.265272e-02 -8.152411e-02
4.272000e+00 8.683439e-02 1.162055e-01 5.747556e-02 1.070408e-01 2.119080e-02 -9.137013e-02
4.288000e+00 8.870345e-02 1.168166e-01 5.921352e-02 1.086224e-01 1.964174e-02 -9.681614e-02
4.304000e+00 9.059303e-02 1.180985e-01 6.097901e-02 1.103434e-01 1.804860e-02 -9.957169e-02
4.320000e+00 9.252573e-02 1.207937e-01 6.278353e-02 1.127825e-01 1.649562e-02 -9.706075e-02
4.336000e+00 9.448822e-02 1.226555e-01 6.461804e-02 1.146565e-01 1.495116e-02 -9.652895e-02
4.352000e+00 9.647504e-02 1.241766e-01 6.647994e-02 1.163686e-01 1.339119e-02 -9.749830e-02
4.368000e+00 9.848938e-02 1.258961e-01 6.837065e-02 1.181696e-01 1.180895e-02 -9.888969e-02
4.384000e+00 1.005355e-01 1.278802e-01 7.029495e-02 1.202685e-01 1.020561e-02 -1.002087e-01
4.400000e+00 1.026226e-01 1.304479e-01 7.226136e-02 1.229007e-01 8.584929e-03 -1.012928e-01
4.416000e+00 1.047578e-01 1.334463e-01 7.427439e-02 1.258143e-01 6.952193e-03 -1.020460e-01
4.432000e+00 1.069479e-01 1.368839e-01 7.634013e-02 1.291092e-01 5.313100e-03 -1.024433e-01
4.448000e+00 1.091973e-01 1.405852e-01 7.846091e-02 1.325484e-01 3.675366e-03 -1.023584e-01
4.464000e+00 1.115133e-01 1.447496e-01 8.064475e-02 1.364905e-01 2.045517e-03 -1.018655e-01
4.480000e+00 1.139018e-01 1.492856e-01 8.289546e-02 1.406693e-01 4.284070e-04 -1.010694e-01
4.496000e+00 1.163659e-01 1.540035e-01 8.521639e-02 1.450579e-01 -1.168802e-03 -9.982554e-02
4.512000e+00 1.189096e-01 1.589806e-01 8.761049e-02 1.496312e-01 -2.743195e-03 -9.839959e-02
4.528000e+00 1.215356e-01 1.641262e-01 9.008053e-02 1.543773e-01 -4.292891e-03 -9.685601e-02
4.544000e+00 1.242506e-01 1.696888e-01 9.263170e-02 1.594485e-01 -5.817778e-03 -9.530542e-02
4.560000e+00 1.270561e-01 1.753413e-01 9.526495e-02 1.645778e-01 -7.320027e-03 -9.389056e-02
4.576000e+00 1.299540e-01 1.811197e-01 9.798437e-02 1.699640e-01 -8.801296e-03 -9.257933e-02
4.592000e+00 1.329495e-01 1.872163e-01 1.007945e-01 1.756324e-01 -1.026411e-02 -9.142585e-02
4.608000e+00 1.360461e-01 1.935379e-01 1.036980e-01 1.814683e-01 -1.171379e-02 -9.060501e-02
4.624000e+00 1.392470e-01 2.000591e-01 1.066981e-01 1.875070e-01 -1.315430e-02 -9.003194e-02
4.640000e+00 1.425522e-01 2.065749e-01 1.097942e-01 1.935076e-01 -1.459140e-02 -8.981897e-02
4.656000e+00 1.459635e-01 2.132058e-01 1.129890e-01 1.996723e-01 -1.603148e-02 -9.000475e-02
4.672000e+00 1.494856e-01 2.201296e-01 1.162862e-01 2.060786e-01 -1.748044e-02 -9.055977e-02
4.688000e+00 1.531200e-01 2.271517e-01 1.196870e-01 2.125459e-01 -1.894551e-02 -9.156714e-02
4.704000e+00 1.568687e-01 2.342957e-01 1.231944e-01 2.192170e-01 -2.043503e-02 -9.309524e-02
4.720000e+00 1.607333e-01 2.415328e-01 1.268101e-01 2.259786e-01 -2.195808e-02 -9.519023e-02
4.736000e+00 1.647147e-01 2.488403e-01 1.305348e-01 2.327932e-01 -2.352230e-02 -9.776394e-02
4.752000e+00 1.688159e-01 2.563259e-01 1.343715e-01 2.397955e-01 -2.513777e-02 -1.009666e-01
4.768000e+00 1.730390e-01 2.639439e-01 1.383207e-01 2.468232e-01 -2.681447e-02 -1.047941e-01
4.784000e+00 1.773840e-01 2.715596e-01 1.423818e-01 2.538204e-01 -2.856114e-02 -1.091668e-01
4.800000e+00 1.818524e-01 2.792782e-01 1.465561e-01 2.608931e-01 -3.038910e-02 -1.142474e-01
4.816000e+00 1.864462e-01 2.871090e-01 1.508442e-01 2.680053e-01 -3.230687e-02 -1.198608e-01
4.832000e+00 1.911644e-01 2.948899e-01 1.552460e-01 2.751110e-01 -3.432685e-02 -1.262485e-01
4.848000e+00 1.960129e-01 3.030287e-01 1.597652e-01 2.824544e-01 -3.646027e-02 -1.333389e-01
4.864000e+00 2.009900e-01 3.110711e-01 1.644006e-01 2.897125e-01 -3.871668e-02 -1.410254e-01
4.880000e+00 2.060972e-01 3.191976e-01 1.691522e-01 2.969743e-01 -4.110874e-02 -1.495038e-01
4.896000e+00 2.113382e-01 3.275613e-01 1.740232e-01 3.044340e-01 -4.364957e-02 -1.588015e-01
4.912000e+00 2.167126e-01 3.359039e-01 1.790105e-01 3.117095e-01 -4.635075e-02 -1.688240e-01
4.928000e+00 2.222245e-01 3.444936e-01 1.841150e-01 3.190311e-01 -4.922643e-02 -1.797302e-01
4.944000e+00 2.278745e-01 3.531231e-01 1.893327e-01 3.261059e-01 -5.229053e-02 -1.915061e-01
4.960000e+00 2.336640e-01 3.618422e-01 1.946599e-01 3.329474e-01 -5.555844e-02 -2.042444e-01
4.976000e+00 2.395973e-01 3.708352e-01 2.000942e-01 3.396445e-01 -5.904895e-02 -2.181570e-01
4.992000e+00 2.456867e-01 3.805870e-01 2.056362e-01 3.463745e-01 -6.278691e-02 -2.336224e-01
5.008000e+00 2.519503e-01 3.914734e-01 2.112809e-01 3.527971e-01 -6.680462e-02 -2.511068e-01
5.024000e+00 2.583892e-01 4.024304e-01 2.169982e-01 3.573297e-01 -7.115348e-02 -2.718037e-01
5.040000e+00 2.650088e-01 4.137235e-01 2.227610e-01 3.601732e-01 -7.588264e-02 -2.955725e-01
5.056000e+00 2.718074e-01 4.249156e-01 2.285188e-01 3.598619e-01 -8.107710e-02 -3.246540e-01
5.072000e+00 2.788126e-01 4.378245e-01 2.342430e-01 3.577637e-01 -8.679395e-02 -3.573025e-01
5.088000e+00 2.860637e-01 4.531935e-01 2.398963e-01 3.533309e-01 -9.310629e-02 -3.945214e-01
5.104000e+00 2.936031e-01 4.712117e-01 2.454133e-01 3.448168e-01 -1.001233e-01 -4.385605e-01
5.120000e+00 3.014785e-01 4.922155e-01 2.506919e-01 3.299115e-01 -1.079962e-01 -4.920591e-01
5.136000e+00 3.097671e-01 5.180334e-01 2.556291e-01 3.085706e-01 -1.168897e-01 -5.558406e-01
5.152000e+00 3.186521e-01 5.553127e-01 2.602878e-01 2.911715e-01 -1.268279e-01 -6.211393e-01
5.168000e+00 3.282072e-01 5.971985e-01 2.646814e-01 2.745984e-01 -1.378010e-01 -6.858194e-01
5.184000e+00 3.384229e-01 6.384810e-01 2.687953e-01 2.571227e-01 -1.497764e-01 -7.484608e-01
5.200000e+00 3.491146e-01 6.682290e-01 2.725295e-01 2.333852e-01 -1.626303e-01 -8.033696e-01
5.216000e+00 3.599704e-01 6.784906e-01 2.757902e-01 2.037942e-01 -1.760848e-01 -8.409100e-01
5.232000e+00 3.708352e-01 6.790468e-01 2.786421e-01 1.782430e-01 -1.899021e-01 -8.635809e-01
5.248000e+00 3.814655e-01 6.643965e-01 2.810281e-01 1.491279e-01 -2.039558e-01 -8.783562e-01
5.264000e+00 3.917270e-01 6.413442e-01 2.830039e-01 1.234826e-01 -2.181318e-01 -8.859968e-01
5.280000e+00 4.015711e-01 6.152527e-01 2.846242e-01 1.012677e-01 -2.323872e-01 -8.909665e-01
5.296000e+00 4.109925e-01 5.888368e-01 2.858959e-01 7.948146e-02 -2.467284e-01 -8.963219e-01
5.312000e+00 4.200214e-01 5.643069e-01 2.868201e-01 5.776637e-02 -2.611308e-01 -9.001524e-01
5.328000e+00 4.286555e-01 5.396336e-01 2.874229e-01 3.767643e-02 -2.755497e-01 -9.011821e-01
5.344000e+00 4.368837e-01 5.142586e-01 2.876719e-01 1.556153e-02 -2.899756e-01 -9.016139e-01
5.360000e+00 4.446827e-01 4.874373e-01 2.875240e-01 -9.243465e-03 -3.043625e-01 -8.991842e-01
5.376000e+00 4.520379e-01 4.597053e-01 2.869749e-01 -3.431939e-02 -3.186438e-01 -8.925811e-01
5.392000e+00 4.589473e-01 4.318363e-01 2.860241e-01 -5.942593e-02 -3.327330e-01 -8.805765e-01
5.408000e+00 4.654294e-01 4.051306e-01 2.846860e-01 -8.363001e-02 -3.465458e-01 -8.633007e-01
5.424000e+00 4.714900e-01 3.787879e-01 2.829719e-01 -1.071338e-01 -3.600309e-01 -8.428133e-01
5.440000e+00 4.771449e-01 3.534314e-01 2.808982e-01 -1.296048e-01 -3.731389e-01 -8.192505e-01
5.456000e+00 4.824140e-01 3.293166e-01 2.784858e-01 -1.507783e-01 -3.858200e-01 -7.925687e-01
5.472000e+00 4.873145e-01 3.062788e-01 2.757561e-01 -1.706040e-01 -3.980346e-01 -7.634144e-01
5.488000e+00 4.918614e-01 2.841870e-01 2.727264e-01 -1.893526e-01 -4.097542e-01 -7.324727e-01
5.504000e+00 4.960786e-01 2.635695e-01 2.694041e-01 -2.076441e-01 -4.209538e-01 -6.999786e-01
5.520000e+00 5.000048e-01 2.453914e-01 2.658077e-01 -2.247768e-01 -4.316098e-01 -6.660008e-01
5.536000e+00 5.036816e-01 2.297999e-01 2.619605e-01 -2.404520e-01 -4.416977e-01 -6.304896e-01
5.552000e+00 5.071566e-01 2.171839e-01 2.578860e-01 -2.546574e-01 -4.512072e-01 -5.943439e-01
5.568000e+00 5.104788e-01 2.076426e-01 2.535996e-01 -2.679005e-01 -4.601314e-01 -5.577658e-01
5.584000e+00 5.136992e-01 2.012735e-01 2.491219e-01 -2.798513e-01 -4.684661e-01 -5.209205e-01
5.600000e+00 5.168673e-01 1.980042e-01 2.444793e-01 -2.901677e-01 -4.762118e-01 -4.841062e-01
5.616000e+00 5.200263e-01 1.974365e-01 2.396937e-01 -2.990982e-01 -4.833705e-01 -4.474175e-01
5.632000e+00 5.232110e-01 1.990436e-01 2.347794e-01 -3.071443e-01 -4.899423e-01 -4.107342e-01
5.648000e+00 5.264502e-01 2.024523e-01 2.297437e-01 -3.147283e-01 -4.959291e-01 -3.741773e-01
5.664000e+00 5.297740e-01 2.077347e-01 2.246058e-01 -3.211189e-01 -5.013350e-01 -3.378707e-01
5.680000e+00 5.332049e-01 2.144324e-01 2.193775e-01 -3.267669e-01 -5.061613e-01 -3.016413e-01
5.696000e+00 5.367656e-01 2.225453e-01 2.140699e-01 -3.317264e-01 -5.104093e-01 -2.655019e-01
5.712000e+00 5.404731e-01 2.317203e-01 2.086834e-01 -3.366564e-01 -5.140851e-01 -2.297359e-01
5.728000e+00 5.443502e-01 2.423147e-01 2.032182e-01 -3.415781e-01 -5.171948e-01 -1.943547e-01
5.744000e+00 5.484195e-01 2.543340e-01 1.976711e-01 -3.466939e-01 -5.197417e-01 -1.591793e-01
5.760000e+00 5.527193e-01 2.687386e-01 1.920228e-01 -3.530151e-01 -5.217038e-01 -1.226332e-01
5.776000e+00 5.578217e-01 3.188978e-01 1.861877e-01 -3.646979e-01 -5.226282e-01 -5.777586e-02
5.792000e+00 5.656350e-01 4.883312e-01 1.800506e-01 -3.835661e-01 -5.210510e-01 9.857665e-02
5.808000e+00 5.751888e-01 5.971106e-01 1.736968e-01 -3.971139e-01 -5.179060e-01 1.965599e-01
5.824000e+00 5.856612e-01 6.545253e-01 1.671554e-01 -4.088354e-01 -5.139465e-01 2.474722e-01
5.840000e+00 5.961615e-01 6.562709e-01 1.604973e-01 -4.161340e-01 -5.100820e-01 2.415279e-01
5.856000e+00 6.065746e-01 6.508191e-01 1.538721e-01 -4.140753e-01 -5.066312e-01 2.156776e-01
5.872000e+00 6.162580e-01 6.052120e-01 1.479482e-01 -3.702423e-01 -5.041938e-01 1.523371e-01
5.888000e+00 6.254702e-01 5.757618e-01 1.432963e-01 -2.907412e-01 -5.017570e-01 1.522996e-01
5.904000e+00 6.341791e-01 5.443054e-01 1.379224e-01 -3.358721e-01 -4.987590e-01 1.873758e-01
5.920000e+00 6.430740e-01 5.559344e-01 1.320955e-01 -3.641778e-01 -4.957329e-01 1.891307e-01
5.936000e+00 6.518896e-01 5.509717e-01 1.257004e-01 -3.996965e-01 -4.925409e-01 1.995005e-01
5.952000e+00 6.607965e-01 5.566860e-01 1.188676e-01 -4.270510e-01 -4.893869e-01 1.971223e-01
5.968000e+00 6.698655e-01 5.668107e-01 1.104109e-01 -5.285422e-01 -4.863074e-01 1.924716e-01
5.984000e+00 6.793662e-01 5.937940e-01 1.001794e-01 -6.394671e-01 -4.839489e-01 1.474032e-01
6.000000e+00 6.898010e-01 6.521767e-01 8.892980e-02 -7.031013e-01 -4.828815e-01 6.671546e-02
6.016000e+00 7.019623e-01 7.600768e-01 7.717743e-02 -7.345235e-01 -4.837431e-01 -5.384918e-02
6.032000e+00 7.156818e-01 8.574694e-01 6.947815e-02 -4.812046e-01 -4.864140e-01 -1.669368e-01
6.048000e+00 7.298087e-01 8.829309e-01 6.446861e-02 -3.130966e-01 -4.897804e-01 -2.103996e-01
6.064000e+00 7.441015e-01 8.932990e-01 6.444998e-02 -1.164244e-03 -4.936233e-01 -2.401808e-01
6.080000e+00 7.574022e-01 8.312933e-01 6.849326e-02 2.527049e-01 -4.965820e-01 -1.849143e-01
6.096000e+00 7.688650e-01 7.164260e-01 7.419900e-02 3.566087e-01 -4.975237e-01 -5.886041e-02
6.112000e+00 7.793332e-01 6.542637e-01 7.769733e-02 2.186457e-01 -4.973322e-01 1.197305e-02
6.128000e+00 7.896043e-01 6.419470e-01 8.103359e-02 2.085166e-01 -4.969897e-01 2.140534e-02
6.144000e+00 7.994291e-01 6.140460e-01 8.350278e-02 1.543241e-01 -4.961997e-01 4.937401e-02
6.160000e+00 8.090993e-01 6.043910e-01 8.622576e-02 1.701866e-01 -4.953136e-01 5.537992e-02
6.176000e+00 8.185926e-01 5.933274e-01 8.856281e-02 1.460657e-01 -4.943191e-01 6.215693e-02
6.192000e+00 8.279157e-01 5.826958e-01 9.069418e-02 1.332104e-01 -4.931959e-01 7.019801e-02
6.208000e+00 8.371070e-01 5.744553e-01 9.277309e-02 1.299320e-01 -4.920236e-01 7.327343e-02
6.224000e+00 8.461514e-01 5.652757e-01 9.463692e-02 1.164894e-01 -4.907845e-01 7.743884e-02
6.240000e+00 8.550704e-01 5.574400e-01 9.624675e-02 1.006141e-01 -4.894864e-01 8.113593e-02
6.256000e+00 8.638475e-01 5.485690e-01 9.767427e-02 8.922016e-02 -4.881288e-01 8.484656e-02
6.272000e+00 8.725316e-01 5.427521e-01 9.902405e-02 8.436114e-02 -4.867279e-01 8.755533e-02
6.288000e+00 8.811198e-01 5.367631e-01 1.003215e-01 8.109138e-02 -4.853086e-01 8.870564e-02
6.304000e+00 8.896161e-01 5.310177e-01 1.015581e-01 7.728705e-02 -4.838609e-01 9.048511e-02
6.320000e+00 8.980534e-01 5.273363e-01 1.027485e-01 7.439703e-02 -4.824117e-01 9.057621e-02
6.336000e+00 9.064034e-01 5.218737e-01 1.038856e-01 7.107309e-02 -4.809533e-01 9.114800e-02
6.352000e+00 9.146844e-01 5.175622e-01 1.049818e-01 6.850913e-02 -4.794763e-01 9.231321e-02
6.368000e+00 9.229002e-01 5.134889e-01 1.060395e-01 6.610993e-02 -4.780036e-01 9.204244e-02
6.384000e+00 9.310394e-01 5.086992e-01 1.070274e-01 6.174010e-02 -4.765247e-01 9.243259e-02
6.400000e+00 9.390221e-01 4.989154e-01 1.079912e-01 6.024165e-02 -4.751185e-01 8.788738e-02
6.416000e+00 9.466721e-01 4.781282e-01 1.090951e-01 6.898897e-02 -4.739802e-01 7.114036e-02
6.432000e+00 9.538382e-01 4.478797e-01 1.104897e-01 8.716402e-02 -4.732738e-01 4.414918e-02
6.448000e+00 9.604573e-01 4.136904e-01 1.122619e-01 1.107618e-01 -4.730799e-01 1.212345e-02
6.464000e+00 9.665367e-01 3.799681e-01 1.144177e-01 1.347377e-01 -4.734106e-01 -2.067004e-02
6.480000e+00 9.721652e-01 3.517785e-01 1.168573e-01 1.524785e-01 -4.741929e-01 -4.889151e-02
6.496000e+00 9.775184e-01 3.345729e-01 1.194230e-01 1.603539e-01 -4.752720e-01 -6.744470e-02
6.512000e+00 9.827143e-01 3.247479e-01 1.220334e-01 1.631475e-01 -4.765327e-01 -7.879532e-02
6.528000e+00 9.878219e-01 3.192223e-01 1.246782e-01 1.653029e-01 -4.779037e-01 -8.568925e-02
6.544000e+00 9.928414e-01 3.137179e-01 1.273920e-01 1.696128e-01 -4.793838e-01 -9.250320e-02
6.560000e+00 9.977530e-01 3.069784e-01 1.301583e-01 1.728922e-01 -4.809947e-01 -1.006837e-01
6.576000e+00 1.002575e+00 3.013527e-01 1.329211e-01 1.726754e-01 -4.827180e-01 -1.077041e-01
6.592000e+00 1.007315e+00 2.962986e-01 1.356647e-01 1.714744e-01 -4.845443e-01 -1.141453e-01
6.608000e+00 1.011981e+00 2.916001e-01 1.384185e-01 1.721115e-01 -4.864792e-01 -1.209331e-01
6.624000e+00 1.016565e+00 2.864844e-01 1.412037e-01 1.740785e-01 -4.885197e-01 -1.275321e-01
6.640000e+00 1.021053e+00 2.805177e-01 1.439946e-01 1.744326e-01 -4.906687e-01 -1.343070e-01
6.656000e+00 1.025441e+00 2.742475e-01 1.467649e-01 1.731393e-01 -4.929426e-01 -1.421235e-01
6.672000e+00 1.029741e+00 2.687179e-01 1.495197e-01 1.721739e-01 -4.953399e-01 -1.498315e-01
6.688000e+00 1.033939e+00 2.624083e-01 1.522891e-01 1.730931e-01 -4.978796e-01 -1.587296e-01
6.704000e+00 1.038084e+00 2.590384e-01 1.550431e-01 1.721223e-01 -5.005158e-01 -1.647614e-01
6.720000e+00 1.042197e+00 2.570841e-01 1.577769e-01 1.708615e-01 -5.032344e-01 -1.699111e-01
6.736000e+00 1.046313e+00 2.572629e-01 1.604804e-01 1.689672e-01 -5.059922e-01 -1.723614e-01
6.752000e+00 1.050440e+00 2.579425e-01 1.631265e-01 1.653851e-01 -5.087575e-01 -1.728324e-01
6.768000e+00 1.054513e+00 2.545436e-01 1.657481e-01 1.638494e-01 -5.116182e-01 -1.787977e-01
6.784000e+00 1.058493e+00 2.487527e-01 1.684087e-01 1.662861e-01 -5.146371e-01 -1.886779e-01
6.800000e+00 1.062361e+00 2.417538e-01 1.711444e-01 1.709790e-01 -5.178377e-01 -2.000415e-01
6.816000e+00 1.066082e+00 2.325256e-01 1.739288e-01 1.740272e-01 -5.212553e-01 -2.136000e-01
6.832000e+00 1.069573e+00 2.182007e-01 1.767828e-01 1.783728e-01 -5.249952e-01 -2.337398e-01
6.848000e+00 1.072837e+00 2.040383e-01 1.797516e-01 1.855506e-01 -5.290512e-01 -2.534989e-01
6.864000e+00 1.075925e+00 1.929474e-01 1.828129e-01 1.913324e-01 -5.333970e-01 -2.716130e-01
6.880000e+00 1.078859e+00 1.833959e-01 1.859135e-01 1.937872e-01 -5.379932e-01 -2.872613e-01
6.896000e+00 1.081540e+00 1.675812e-01 1.890239e-01 1.943988e-01 -5.427565e-01 -2.977092e-01
6.912000e+00 1.083824e+00 1.427414e-01 1.922142e-01 1.993979e-01 -5.475073e-01 -2.969252e-01
6.928000e+00 1.085726e+00 1.188733e-01 1.954187e-01 2.002783e-01 -5.521567e-01 -2.905861e-01
6.944000e+00 1.087292e+00 9.785649e-02 1.986318e-01 2.008173e-01 -5.566686e-01 -2.819955e-01
6.960000e+00 1.088535e+00 7.770929e-02 2.019257e-01 2.058702e-01 -5.610028e-01 -2.708895e-01
6.976000e+00 1.089702e+00 7.292491e-02 2.053616e-01 2.147443e-01 -5.652427e-01 -2.649914e-01
6.992000e+00 1.090968e+00 7.913668e-02 2.089767e-01 2.259472e-01 -5.695037e-01 -2.663102e-01
7.008000e+00 1.092321e+00 8.455678e-02 2.127964e-01 2.387293e-01 -5.736979e-01 -2.621419e-01
7.024000e+00 1.093640e+00 8.242141e-02 2.166932e-01 2.435496e-01 -5.776821e-01 -2.490122e-01
7.040000e+00 1.094671e+00 6.447185e-02 2.204987e-01 2.378444e-01 -5.812151e-01 -2.208133e-01
7.056000e+00 1.095323e+00 4.074656e-02 2.238765e-01 2.111116e-01 -5.841861e-01 -1.856871e-01
7.072000e+00 1.095506e+00 1.141720e-02 2.263238e-01 1.529533e-01 -5.864987e-01 -1.445374e-01
7.088000e+00 1.095178e+00 -2.049154e-02 2.275487e-01 7.655597e-02 -5.883587e-01 -1.162457e-01
7.104000e+00 1.094443e+00 -4.595117e-02 2.278191e-01 1.690408e-02 -5.899779e-01 -1.012019e-01
7.120000e+00 1.093486e+00 -5.982101e-02 2.275197e-01 -1.871323e-02 -5.914329e-01 -9.094030e-02
7.136000e+00 1.092437e+00 -6.556081e-02 2.268076e-01 -4.450538e-02 -5.928374e-01 -8.777778e-02
7.152000e+00 1.091425e+00 -6.320106e-02 2.260888e-01 -4.492520e-02 -5.943090e-01 -9.197643e-02
7.168000e+00 1.090401e+00 -6.402434e-02 2.255006e-01 -3.676094e-02 -5.957533e-01 -9.027068e-02
7.184000e+00 1.089332e+00 -6.679358e-02 2.248881e-01 -3.828577e-02 -5.970578e-01 -8.152970e-02
7.200000e+00 1.088493e+00 -5.247140e-02 2.242071e-01 -4.256037e-02 -5.984429e-01 -8.656521e-02
7.216000e+00 1.088193e+00 -1.872573e-02 2.236559e-01 -3.444852e-02 -6.001899e-01 -1.091905e-01
7.232000e+00 1.088462e+00 1.679919e-02 2.232795e-01 -2.352859e-02 -6.022874e-01 -1.310912e-01
7.248000e+00 1.088751e+00 1.803455e-02 2.228583e-01 -2.632052e-02 -6.043208e-01 -1.270870e-01
7.264000e+00 1.088934e+00 1.146910e-02 2.223910e-01 -2.920943e-02 -6.062013e-01 -1.175340e-01
7.280000e+00 1.089066e+00 8.234307e-03 2.218026e-01 -3.677720e-02 -6.079744e-01 -1.108170e-01
7.296000e+00 1.089059e+00 -4.183370e-04 2.211531e-01 -4.059072e-02 -6.096540e-01 -1.049737e-01
7.312000e+00 1.088958e+00 -6.294658e-03 2.204324e-01 -4.504279e-02 -6.112425e-01 -9.928682e-02
7.328000e+00 1.088651e+00 -1.920125e-02 2.196832e-01 -4.682875e-02 -6.127213e-01 -9.242091e-02
7.344000e+00 1.088269e+00 -2.389384e-02 2.189230e-01 -4.750705e-02 -6.141377e-01 -8.852342e-02
7.360000e+00 1.087874e+00 -2.468526e-02 2.182245e-01 -4.366129e-02 -6.155329e-01 -8.720543e-02
7.376000e+00 1.087548e+00 -2.039347e-02 2.175417e-01 -4.267223e-02 -6.169361e-01 -8.769687e-02
7.392000e+00 1.087290e+00 -1.607328e-02 2.169271e-01 -3.841481e-02 -6.183249e-01 -8.680324e-02
7.408000e+00 1.087164e+00 -7.871503e-03 2.163412e-01 -3.661657e-02 -6.197156e-01 -8.691687e-02
7.424000e+00 1.087146e+00 -1.170179e-03 2.156990e-01 -4.013878e-02 -6.210359e-01 -8.251861e-02
7.440000e+00 1.087181e+00 2.187047e-03 2.147020e-01 -6.230997e-02 -6.223962e-01 -8.501883e-02
7.456000e+00 1.087081e+00 -6.214675e-03 2.136330e-01 -6.681599e-02 -6.239575e-01 -9.757724e-02
7.472000e+00 1.087027e+00 -3.414913e-03 2.130666e-01 -3.540090e-02 -6.256479e-01 -1.056536e-01
7.488000e+00 1.087059e+00 2.040141e-03 2.124985e-01 -3.550205e-02 -6.272825e-01 -1.021609e-01
7.504000e+00 1.087153e+00 5.853885e-03 2.120729e-01 -2.660146e-02 -6.289604e-01 -1.048689e-01
7.520000e+00 1.087282e+00 8.072577e-03 2.116307e-01 -2.763538e-02 -6.306394e-01 -1.049353e-01
7.536000e+00 1.087469e+00 1.167900e-02 2.112828e-01 -2.174604e-02 -6.323093e-01 -1.043737e-01
7.552000e+00 1.087687e+00 1.365431e-02 2.109832e-01 -1.872638e-02 -6.339941e-01 -1.052977e-01
7.568000e+00 1.087920e+00 1.453477e-02 2.106949e-01 -1.801539e-02 -6.356680e-01 -1.046190e-01
7.584000e+00 1.088188e+00 1.673218e-02 2.104134e-01 -1.759671e-02 -6.373416e-01 -1.045998e-01
7.600000e+00 1.088481e+00 1.830812e-02 2.101847e-01 -1.429099e-02 -6.389984e-01 -1.035490e-01
7.616000e+00 1.088794e+00 1.959236e-02 2.099988e-01 -1.161927e-02 -6.406501e-01 -1.032316e-01
7.632000e+00 1.089104e+00 1.938389e-02 2.098372e-01 -1.010023e-02 -6.422970e-01 -1.029314e-01
7.648000e+00 1.089454e+00 2.183038e-02 2.096603e-01 -1.106017e-02 -6.439387e-01 -1.026047e-01
7.664000e+00 1.089807e+00 2.210290e-02 2.095198e-01 -8.776471e-03 -6.455617e-01 -1.014394e-01
7.680000e+00 1.090187e+00 2.372419e-02 2.093660e-01 -9.616615e-03 -6.471739e-01 -1.007633e-01
7.696000e+00 1.090581e+00 2.462446e-02 2.092319e-01 -8.381676e-03 -6.487733e-01 -9.996108e-02
7.712000e+00 1.090988e+00 2.543991e-02 2.091025e-01 -8.085732e-03 -6.503640e-01 -9.941841e-02
7.728000e+00 1.091408e+00 2.623730e-02 2.089703e-01 -8.262376e-03 -6.519431e-01 -9.869246e-02
7.744000e+00 1.091826e+00 2.615522e-02 2.088532e-01 -7.319552e-03 -6.535063e-01 -9.770407e-02
7.760000e+00 1.092264e+00 2.733774e-02 2.087244e-01 -8.050179e-03 -6.550715e-01 -9.782062e-02
7.776000e+00 1.092704e+00 2.754109e-02 2.085938e-01 -8.158738e-03 -6.566160e-01 -9.653481e-02
7.792000e+00 1.093143e+00 2.739802e-02 2.084754e-01 -7.402691e-03 -6.581572e-01 -9.632225e-02
7.808000e+00 1.093607e+00 2.902365e-02 2.083163e-01 -9.942376e-03 -6.596886e-01 -9.571697e-02
7.824000e+00 1.094045e+00 2.735429e-02 2.081948e-01 -7.592387e-03 -6.612105e-01 -9.511738e-02
7.840000e+00 1.094517e+00 2.955339e-02 2.080344e-01 -1.002775e-02 -6.627245e-01 -9.462426e-02
7.856000e+00 1.094973e+00 2.844962e-02 2.078750e-01 -9.961861e-03 -6.642348e-01 -9.439070e-02
7.872000e+00 1.095430e+00 2.861014e-02 2.077293e-01 -9.105487e-03 -6.657295e-01 -9.342127e-02
7.888000e+00 1.095902e+00 2.947414e-02 2.075375e-01 -1.198786e-02 -6.672290e-01 -9.371884e-02
7.904000e+00 1.096358e+00 2.850308e-02 2.073861e-01 -9.463472e-03 -6.687175e-01 -9.302902e-02
7.920000e+00 1.096840e+00 3.010082e-02 2.071898e-01 -1.226866e-02 -6.701962e-01 -9.242288e-02
7.936000e+00 1.097299e+00 2.870795e-02 2.069985e-01 -1.195775e-02 -6.716751e-01 -9.242933e-02
7.952000e+00 1.097777e+00 2.989671e-02 2.067930e-01 -1.283927e-02 -6.731446e-01 -9.184087e-02
7.968000e+00 1.098245e+00 2.920066e-02 2.065742e-01 -1.367825e-02 -6.746075e-01 -9.143641e-02
7.984000e+00 1.098721e+00 2.980535e-02 2.063463e-01 -1.424540e-02 -6.760677e-01 -9.125871e-02
8.000000e+00 1.099191e+00 2.937450e-02 2.061096e-01 -1.479276e-02 -6.775178e-01 -9.063282e-02
8.016000e+00 1.099665e+00 2.958281e-02 2.058681e-01 -1.509400e-02 -6.789526e-01 -8.967650e-02
8.032000e+00 1.100144e+00 2.992899e-02 2.056069e-01 -1.632033e-02 -6.803852e-01 -8.953450e-02
8.048000e+00 1.100608e+00 2.903560e-02 2.053415e-01 -1.659156e-02 -6.818024e-01 -8.857704e-02
8.064000e+00 1.101087e+00 2.994191e-02 2.050534e-01 -1.800388e-02 -6.832211e-01 -8.866758e-02
8.080000e+00 1.101547e+00 2.875077e-02 2.047734e-01 -1.749829e-02 -6.846251e-01 -8.775136e-02
8.096000e+00 1.102019e+00 2.951473e-02 2.044665e-01 -1.918151e-02 -6.860278e-01 -8.767003e-02
8.112000e+00 1.102482e+00 2.890070e-02 2.041623e-01 -1.901318e-02 -6.874203e-01 -8.703025e-02
8.128000e+00 1.102942e+00 2.875610e-02 2.038343e-01 -2.050209e-02 -6.888084e-01 -8.675253e-02
8.144000e+00 1.103402e+00 2.874777e-02 2.035000e-01 -2.089543e-02 -6.901876e-01 -8.620458e-02
8.160000e+00 1.103854e+00 2.823009e-02 2.031603e-01 -2.122787e-02 -6.915591e-01 -8.571618e-02
8.176000e+00 1.104308e+00 2.837618e-02 2.028000e-01 -2.251858e-02 -6.929268e-01 -8.548509e-02
8.192000e+00 1.104755e+00 2.795053e-02 2.024389e-01 -2.257005e-02 -6.942823e-01 -8.471291e-02
8.208000e+00 1.105201e+00 2.787696e-02 2.020569e-01 -2.387221e-02 -6.956362e-01 -8.462130e-02
8.224000e+00 1.105647e+00 2.787086e-02 2.016695e-01 -2.421839e-02 -6.969765e-01 -8.376622e-02
8.240000e+00 1.106077e+00 2.689280e-02 2.012841e-01 -2.408206e-02 -6.983046e-01 -8.300652e-02
8.256000e+00 1.106521e+00 2.776829e-02 2.008643e-01 -2.623890e-02 -6.996263e-01 -8.260623e-02
8.272000e+00 1.106942e+00 2.630330e-02 2.004566e-01 -2.548403e-02 -7.009275e-01 -8.132894e-02
8.288000e+00 1.107367e+00 2.655538e-02 2.000221e-01 -2.715646e-02 -7.022231e-01 -8.097049e-02
8.304000e+00 1.107786e+00 2.619562e-02 1.995935e-01 -2.678449e-02 -7.034983e-01 -7.970029e-02
8.320000e+00 1.108196e+00 2.557613e-02 1.991500e-01 -2.771766e-02 -7.047636e-01 -7.908633e-02
8.336000e+00 1.108613e+00 2.610046e-02 1.986903e-01 -2.873282e-02 -7.060182e-01 -7.841127e-02
8.352000e+00 1.109014e+00 2.503953e-02 1.982368e-01 -2.834438e-02 -7.072588e-01 -7.753659e-02
8.368000e+00 1.109421e+00 2.542705e-02 1.977584e-01 -2.989766e-02 -7.084916e-01 -7.704733e-02
8.384000e+00 1.109816e+00 2.472472e-02 1.972862e-01 -2.951320e-02 -7.097051e-01 -7.584871e-02
8.400000e+00 1.110208e+00 2.449010e-02 1.968011e-01 -3.031851e-02 -7.109086e-01 -7.521920e-02
8.416000e+00 1.110603e+00 2.470528e-02 1.963097e-01 -3.071209e-02 -7.120970e-01 -7.427389e-02
8.432000e+00 1.110984e+00 2.379233e-02 1.958182e-01 -3.072219e-02 -7.132643e-01 -7.295357e-02
8.448000e+00 1.111373e+00 2.433374e-02 1.953127e-01 -3.159583e-02 -7.144204e-01 -7.225748e-02
8.464000e+00 1.111750e+00 2.356447e-02 1.948133e-01 -3.120887e-02 -7.155534e-01 -7.081517e-02
8.480000e+00 1.112123e+00 2.329517e-02 1.942964e-01 -3.230492e-02 -7.166735e-01 -7.000320e-02
8.496000e+00 1.112493e+00 2.311361e-02 1.937761e-01 -3.252130e-02 -7.177762e-01 -6.891705e-02
8.512000e+00 1.112848e+00 2.221960e-02 1.932542e-01 -3.262093e-02 -7.188630e-01 -6.792406e-02
8.528000e+00 1.113203e+00 2.214299e-02 1.927166e-01 -3.359850e-02 -7.199363e-01 -6.708230e-02
8.544000e+00 1.113543e+00 2.129241e-02 1.921857e-01 -3.318069e-02 -7.209917e-01 -6.596704e-02
8.560000e+00 1.113884e+00 2.130057e-02 1.916514e-01 -3.339423e-02 -7.220372e-01 -6.534007e-02
8.576000e+00 1.114215e+00 2.070355e-02 1.911212e-01 -3.313903e-02 -7.230610e-01 -6.398769e-02
8.592000e+00 1.114535e+00 1.995034e-02 1.905870e-01 -3.338491e-02 -7.240669e-01 -6.286880e-02
8.608000e+00 1.114853e+00 1.987440e-02 1.900490e-01 -3.362219e-02 -7.250545e-01 -6.172277e-02
8.624000e+00 1.115153e+00 1.877050e-02 1.895110e-01 -3.362944e-02 -7.260187e-01 -6.026810e-02
8.640000e+00 1.115452e+00 1.867878e-02 1.889623e-01 -3.429490e-02 -7.269658e-01 -5.918894e-02
8.656000e+00 1.115739e+00 1.795524e-02 1.884211e-01 -3.382126e-02 -7.278885e-01 -5.767202e-02
8.672000e+00 1.116016e+00 1.727881e-02 1.878704e-01 -3.442226e-02 -7.287878e-01 -5.620474e-02
8.688000e+00 1.116287e+00 1.697077e-02 1.873251e-01 -3.407713e-02 -7.296570e-01 -5.432817e-02
8.704000e+00 1.116544e+00 1.605663e-02 1.867771e-01 -3.425034e-02 -7.304927e-01 -5.222816e-02
8.720000e+00 1.116800e+00 1.598513e-02 1.862302e-01 -3.418220e-02 -7.312922e-01 -4.996924e-02
8.736000e+00 1.117045e+00 1.535273e-02 1.856820e-01 -3.426505e-02 -7.320557e-01 -4.772004e-02
8.752000e+00 1.117280e+00 1.466500e-02 1.851644e-01 -3.234742e-02 -7.327518e-01 -4.350249e-02
8.768000e+00 1.117469e+00 1.182541e-02 1.847115e-01 -2.830337e-02 -7.333101e-01 -3.489789e-02
8.784000e+00 1.117611e+00 8.876455e-03 1.843062e-01 -2.533590e-02 -7.337208e-01 -2.566534e-02
8.800000e+00 1.117719e+00 6.750674e-03 1.839545e-01 -2.197784e-02 -7.339877e-01 -1.668097e-02
8.816000e+00 1.117796e+00 4.822683e-03 1.836328e-01 -2.010497e-02 -7.341200e-01 -8.271908e-03
8.832000e+00 1.117858e+00 3.868495e-03 1.833441e-01 -1.804850e-02 -7.341399e-01 -1.244781e-03
8.848000e+00 1.117909e+00 3.173528e-03 1.830653e-01 -1.742604e-02 -7.340700e-01 4.374309e-03
8.864000e+00 1.117955e+00 2.846348e-03 1.828064e-01 -1.617824e-02 -7.339385e-01 8.216867e-03
8.880000e+00 1.118004e+00 3.094113e-03 1.825456e-01 -1.630074e-02 -7.337676e-01 1.068047e-02
8.896000e+00 1.118048e+00 2.720417e-03 1.823027e-01 -1.518094e-02 -7.335624e-01 1.282563e-02
8.912000e+00 1.118087e+00 2.431005e-03 1.820675e-01 -1.470009e-02 -7.333256e-01 1.479782e-02
8.928000e+00 1.118118e+00 1.989783e-03 1.818458e-01 -1.385521e-02 -7.330554e-01 1.688875e-02
8.944000e+00 1.118142e+00 1.455883e-03 1.816516e-01 -1.213673e-02 -7.327574e-01 1.862375e-02
8.960000e+00 1.118152e+00 6.725879e-04 1.814640e-01 -1.172428e-02 -7.324304e-01 2.043933e-02
8.976000e+00 1.118147e+00 -3.392886e-04 1.813093e-01 -9.673473e-03 -7.320771e-01 2.207811e-02
8.992000e+00 1.118137e+00 -6.358990e-04 1.811740e-01 -8.452437e-03 -7.317014e-01 2.348205e-02
9.008000e+00 1.118107e+00 -1.844791e-03 1.810646e-01 -6.837192e-03 -7.313014e-01 2.500258e-02
9.024000e+00 1.118069e+00 -2.415656e-03 1.809856e-01 -4.936935e-03 -7.308830e-01 2.614808e-02
9.040000e+00 1.118018e+00 -3.186184e-03 1.809265e-01 -3.694150e-03 -7.304434e-01 2.747637e-02
9.056000e+00 1.117949e+00 -4.293819e-03 1.809049e-01 -1.349832e-03 -7.299915e-01 2.824279e-02
9.072000e+00 1.117862e+00 -5.435606e-03 1.809027e-01 -1.391391e-04 -7.295252e-01 2.914445e-02
9.088000e+00 1.117754e+00 -6.753360e-03 1.809337e-01 1.938466e-03 -7.290445e-01 3.004648e-02
9.104000e+00 1.117628e+00 -7.862169e-03 1.809829e-01 3.074461e-03 -7.285538e-01 3.066327e-02
9.120000e+00 1.117480e+00 -9.290614e-03 1.810538e-01 4.431097e-03 -7.280537e-01 3.125981e-02
9.136000e+00 1.117318e+00 -1.009585e-02 1.811585e-01 6.541473e-03 -7.275565e-01 3.107231e-02
9.152000e+00 1.117145e+00 -1.082176e-02 1.812768e-01 7.392652e-03 -7.270713e-01 3.032689e-02
9.168000e+00 1.116964e+00 -1.128103e-02 1.814328e-01 9.752522e-03 -7.266037e-01 2.922441e-02
9.184000e+00 1.116798e+00 -1.042923e-02 1.815672e-01 8.399474e-03 -7.261457e-01 2.862598e-02
9.200000e+00 1.116631e+00 -1.042649e-02 1.816914e-01 7.762713e-03 -7.256786e-01 2.919193e-02
9.216000e+00 1.116438e+00 -1.205497e-02 1.818124e-01 7.563089e-03 -7.252085e-01 2.938151e-02
9.232000e+00 1.116222e+00 -1.348007e-02 1.819509e-01 8.658469e-03 -7.247521e-01 2.852405e-02
9.248000e+00 1.115985e+00 -1.479242e-02 1.821085e-01 9.846180e-03 -7.243176e-01 2.715642e-02
9.264000e+00 1.115733e+00 -1.580120e-02 1.822812e-01 1.079463e-02 -7.239086e-01 2.556590e-02
9.280000e+00 1.115469e+00 -1.648510e-02 1.824772e-01 1.224910e-02 -7.235220e-01 2.416348e-02
9.296000e+00 1.115195e+00 -1.709836e-02 1.826864e-01 1.307436e-02 -7.231654e-01 2.228562e-02
9.312000e+00 1.114912e+00 -1.770446e-02 1.829129e-01 1.416021e-02 -7.228328e-01 2.078795e-02
9.328000e+00 1.114613e+00 -1.868900e-02 1.831432e-01 1.438891e-02 -7.225252e-01 1.922249e-02
9.344000e+00 1.114302e+00 -1.941303e-02 1.833842e-01 1.506369e-02 -7.222444e-01 1.755156e-02
9.360000e+00 1.113977e+00 -2.036221e-02 1.836207e-01 1.478354e-02 -7.219869e-01 1.609275e-02
9.376000e+00 1.113636e+00 -2.127461e-02 1.838646e-01 1.524416e-02 -7.217514e-01 1.471819e-02
9.392000e+00 1.113282e+00 -2.216808e-02 1.841023e-01 1.485646e-02 -7.215353e-01 1.351052e-02
9.408000e+00 1.112913e+00 -2.303071e-02 1.843383e-01 1.475104e-02 -7.213367e-01 1.240861e-02
9.424000e+00 1.112530e+00 -2.391412e-02 1.845737e-01 1.471153e-02 -7.211564e-01 1.126793e-02
9.440000e+00 1.112147e+00 -2.394915e-02 1.847927e-01 1.368412e-02 -7.209932e-01 1.020218e-02
9.456000e+00 1.111766e+00 -2.382317e-02 1.850125e-01 1.373758e-02 -7.208430e-01 9.385006e-03
9.472000e+00 1.111391e+00 -2.341558e-02 1.852186e-01 1.288061e-02 -7.207045e-01 8.659631e-03
9.488000e+00 1.111029e+00 -2.263169e-02 1.854173e-01 1.241890e-02 -7.205767e-01 7.984593e-03
9.504000e+00 1.110681e+00 -2.179579e-02 1.856094e-01 1.200866e-02 -7.204613e-01 7.213844e-03
9.520000e+00 1.110352e+00 -2.052017e-02 1.857854e-01 1.100221e-02 -7.203575e-01 6.486538e-03
9.536000e+00 1.110043e+00 -1.933558e-02 1.859537e-01 1.051830e-02 -7.202650e-01 5.783156e-03
9.552000e+00 1.109756e+00 -1.795297e-02 1.861054e-01 9.477330e-03 -7.201797e-01 5.328303e-03
9.568000e+00 1.109493e+00 -1.643715e-02 1.862403e-01 8.431828e-03 -7.200988e-01 5.061056e-03
9.584000e+00 1.109253e+00 -1.494592e-02 1.863638e-01 7.717688e-03 -7.200244e-01 4.647220e-03
9.600000e+00 1.109044e+00 -1.310813e-02 1.864682e-01 6.525010e-03 -7.199537e-01 4.419717e-03
9.616000e+00 1.108857e+00 -1.166842e-02 1.865563e-01 5.510191e-03 -7.198894e-01 4.020046e-03
9.632000e+00 1.108686e+00 -1.066302e-02 1.866301e-01 4.608510e-03 -7.198386e-01 3.170796e-03
9.648000e+00 1.108524e+00 -1.017790e-02 1.866808e-01 3.173767e-03 -7.198040e-01 2.167040e-03
9.664000e+00 1.108353e+00 -1.063300e-02 1.867207e-01 2.494414e-03 -7.197998e-01 2.601656e-04
9.680000e+00 1.108175e+00 -1.113116e-02 1.867477e-01 1.687794e-03 -7.198354e-01 -2.225462e-03
9.696000e+00 1.107985e+00 -1.192294e-02 1.867844e-01 2.287688e-03 -7.199221e-01 -5.416187e-03
9.712000e+00 1.107791e+00 -1.207859e-02 1.868816e-01 6.080696e-03 -7.200551e-01 -8.311590e-03
9.728000e+00 1.107615e+00 -1.104675e-02 1.870544e-01 1.079612e-02 -7.201878e-01 -8.297100e-03
9.744000e+00 1.107440e+00 -1.091839e-02 1.872769e-01 1.390788e-02 -7.203043e-01 -7.283572e-03
9.760000e+00 1.107268e+00 -1.071681e-02 1.875247e-01 1.548531e-02 -7.203985e-01 -5.885219e-03
9.776000e+00 1.107105e+00 -1.019326e-02 1.877786e-01 1.587278e-02 -7.204614e-01 -3.931676e-03
9.792000e+00 1.106960e+00 -9.073203e-03 1.879968e-01 1.363817e-02 -7.204958e-01 -2.147326e-03
9.808000e+00 1.106833e+00 -7.938095e-03 1.881660e-01 1.057456e-02 -7.205185e-01 -1.418376e-03
9.824000e+00 1.106712e+00 -7.561166e-03 1.883010e-01 8.432838e-03 -7.205519e-01 -2.092715e-03
9.840000e+00 1.106598e+00 -7.158211e-03 1.884297e-01 8.048330e-03 -7.206008e-01 -3.051108e-03
9.856000e+00 1.106484e+00 -7.121881e-03 1.885458e-01 7.252126e-03 -7.206574e-01 -3.539256e-03
9.872000e+00 1.106373e+00 -6.901367e-03 1.886584e-01 7.040516e-03 -7.207229e-01 -4.091680e-03
9.888000e+00 1.106272e+00 -6.313452e-03 1.887593e-01 6.306453e-03 -7.207933e-01 -4.399770e-03
9.904000e+00 1.106174e+00 -6.120507e-03 1.888537e-01 5.898675e-03 -7.208713e-01 -4.880602e-03
9.920000e+00 1.106083e+00 -5.712123e-03 1.889410e-01 5.456642e-03 -7.209596e-01 -5.514606e-03
9.936000e+00 1.105996e+00 -5.409468e-03 1.890230e-01 5.127101e-03 -7.210579e-01 -6.146211e-03
9.952000e+00 1.105915e+00 -5.090570e-03 1.890951e-01 4.501159e-03 -7.211649e-01 -6.685098e-03
9.968000e+00 1.105837e+00 -4.888294e-03 1.891631e-01 4.249794e-03 -7.212798e-01 -7.185265e-03
9.984000e+00 1.105765e+00 -4.482306e-03 1.892300e-01 4.184429e-03 -7.214043e-01 -7.776225e-03
1.000000e+01 1.105699e+00 -4.126296e-03 1.892920e-01 3.876105e-03 -7.215381e-01 -8.365623e-03
1.001600e+01 1.105636e+00 -3.954126e-03 1.893570e-01 4.063345e-03 -7.216784e-01 -8.769992e-03
1.003200e+01 1.105578e+00 -3.584772e-03 1.894188e-01 3.862079e-03 -7.218244e-01 -9.124347e-03
1.004800e+01 1.105525e+00 -3.366087e-03 1.894761e-01 3.578059e-03 -7.219768e-01 -9.523996e-03
1.006400e+01 1.105474e+00 -3.143121e-03 1.895342e-01 3.633827e-03 -7.221359e-01 -9.940136e-03
1.008000e+01 1.105427e+00 -2.979981e-03 1.895883e-01 3.381466e-03 -7.223022e-01 -1.039498e-02
1.009600e+01 1.105384e+00 -2.629310e-03 1.896415e-01 3.321707e-03 -7.224748e-01 -1.079128e-02
1.011200e+01 1.105344e+00 -2.524181e-03 1.896930e-01 3.221823e-03 -7.226519e-01 -1.106694e-02
1.012800e+01 1.105301e+00 -2.662882e-03 1.897365e-01 2.716321e-03 -7.228399e-01 -1.175138e-02
1.014400e+01 1.105254e+00 -2.990361e-03 1.897716e-01 2.192062e-03 -7.230424e-01 -1.265192e-02
1.016000e+01 1.105208e+00 -2.867613e-03 1.898044e-01 2.050299e-03 -7.232523e-01 -1.312007e-02
1.017600e+01 1.105176e+00 -1.957661e-03 1.898381e-01 2.105800e-03 -7.234566e-01 -1.276902e-02
1.019200e+01 1.105160e+00 -1.047492e-03 1.898822e-01 2.756708e-03 -7.236551e-01 -1.240906e-02
1.020800e+01 1.105154e+00 -3.404529e-04 1.899255e-01 2.710141e-03 -7.238511e-01 -1.224929e-02
1.022400e+01 1.105153e+00 -4.718634e-05 1.899719e-01 2.901050e-03 -7.240439e-01 -1.205047e-02
1.024000e+01 1.105152e+00 -7.838134e-05 1.900159e-01 2.749514e-03 -7.242343e-01 -1.189779e-02
1.025600e+01 1.105140e+00 -7.510964e-04 1.900521e-01 2.258969e-03 -7.244194e-01 -1.156730e-02
1.027200e+01 1.105114e+00 -1.634217e-03 1.900828e-01 1.919438e-03 -7.246007e-01 -1.133649e-02
1.028800e+01 1.105071e+00 -2.713259e-03 1.901016e-01 1.175702e-03 -7.247793e-01 -1.116254e-02
1.030400e+01 1.105006e+00 -4.060272e-03 1.901118e-01 6.387119e-04 -7.249537e-01 -1.089516e-02
1.032000e+01 1.104918e+00 -5.488039e-03 1.901130e-01 7.462210e-05 -7.251233e-01 -1.060084e-02
1.033600e+01 1.104807e+00 -6.914165e-03 1.901076e-01 -3.364316e-04 -7.252920e-01 -1.054695e-02
1.035200e+01 1.104679e+00 -8.004351e-03 1.900934e-01 -8.890677e-04 -7.254634e-01 -1.071314e-02
1.036800e+01 1.104542e+00 -8.579476e-03 1.900772e-01 -1.014993e-03 -7.256383e-01 -1.092539e-02
1.038400e+01 1.104400e+00 -8.864696e-03 1.900601e-01 -1.065241e-03 -7.258166e-01 -1.114572e-02
1.040000e+01 1.104258e+00 -8.885726e-03 1.900376e-01 -1.405845e-03 -7.259992e-01 -1.141173e-02
1.041600e+01 1.104113e+00 -9.045999e-03 1.900211e-01 -1.030460e-03 -7.261875e-01 -1.177296e-02
1.043200e+01 1.103971e+00 -8.914535e-03 1.899987e-01 -1.401645e-03 -7.263830e-01 -1.221385e-02
1.044800e+01 1.103831e+00 -8.715827e-03 1.899817e-01 -1.065221e-03 -7.265836e-01 -1.254164e-02
1.046400e+01 1.103695e+00 -8.515609e-03 1.899629e-01 -1.173639e-03 -7.267887e-01 -1.281525e-02
1.048000e+01 1.103566e+00 -8.075848e-03 1.899482e-01 -9.176968e-04 -7.269992e-01 -1.315947e-02
1.049600e+01 1.103442e+00 -7.725407e-03 1.899333e-01 -9.321672e-04 -7.272163e-01 -1.356601e-02
1.051200e+01 1.103324e+00 -7.369852e-03 1.899233e-01 -6.221265e-04 -7.274389e-01 -1.391543e-02
1.052800e+01 1.103211e+00 -7.068858e-03 1.899135e-01 -6.161189e-04 -7.276664e-01 -1.421482e-02
1.054400e+01 1.103105e+00 -6.616838e-03 1.899046e-01 -5.571397e-04 -7.278989e-01 -1.453291e-02
1.056000e+01 1.103006e+00 -6.187712e-03 1.899014e-01 -1.997595e-04 -7.281367e-01 -1.486575e-02
1.057600e+01 1.102910e+00 -5.987023e-03 1.898939e-01 -4.693239e-04 -7.283793e-01 -1.515770e-02
1.059200e+01 1.102808e+00 -6.399477e-03 1.898895e-01 -2.706333e-04 -7.286241e-01 -1.530251e-02
1.060800e+01 1.102688e+00 -7.478893e-03 1.898723e-01 -1.077822e-03 -7.288695e-01 -1.533992e-02
1.062400e+01 1.102546e+00 -8.923025e-03 1.898522e-01 -1.256083e-03 -7.291149e-01 -1.533251e-02
1.064000e+01 1.102374e+00 -1.074099e-02 1.898163e-01 -2.244120e-03 -7.293530e-01 -1.488236e-02
1.065600e+01 1.102165e+00 -1.306975e-02 1.897713e-01 -2.809760e-03 -7.295849e-01 -1.449748e-02
1.067200e+01 1.101876e+00 -1.805412e-02 1.896969e-01 -4.649859e-03 -7.298138e-01 -1.430154e-02
1.068800e+01 1.101550e+00 -2.034023e-02 1.896136e-01 -5.211025e-03 -7.300508e-01 -1.481479e-02
1.070400e+01 1.101212e+00 -2.115852e-02 1.895256e-01 -5.499552e-03 -7.302990e-01 -1.551028e-02
1.072000e+01 1.100869e+00 -2.144682e-02 1.894377e-01 -5.490409e-03 -7.305594e-01 -1.627409e-02
1.073600e+01 1.100526e+00 -2.143173e-02 1.893535e-01 -5.260887e-03 -7.308322e-01 -1.705471e-02
1.075200e+01 1.100189e+00 -2.101029e-02 1.892699e-01 -5.229050e-03 -7.311197e-01 -1.796901e-02
1.076800e+01 1.099864e+00 -2.034410e-02 1.891968e-01 -4.567907e-03 -7.314234e-01 -1.898237e-02
1.078400e+01 1.099559e+00 -1.907762e-02 1.891288e-01 -4.248330e-03 -7.317449e-01 -2.009314e-02
1.080000e+01 1.099265e+00 -1.836789e-02 1.890686e-01 -3.764708e-03 -7.320809e-01 -2.099559e-02
1.081600e+01 1.098976e+00 -1.807533e-02 1.890108e-01 -3.609873e-03 -7.324306e-01 -2.185891e-02
1.083200e+01 1.098687e+00 -1.806467e-02 1.889536e-01 -3.576384e-03 -7.327954e-01 -2.279812e-02
1.084800e+01 1.098403e+00 -1.773837e-02 1.888983e-01 -3.459177e-03 -7.331753e-01 -2.374346e-02
1.086400e+01 1.098123e+00 -1.747909e-02 1.888438e-01 -3.404042e-03 -7.335696e-01 -2.464526e-02
1.088000e+01 1.097836e+00 -1.794886e-02 1.887869e-01 -3.554257e-03 -7.339762e-01 -2.541207e-02
1.089600e+01 1.097521e+00 -1.970041e-02 1.887144e-01 -4.531171e-03 -7.343951e-01 -2.618182e-02
1.091200e+01 1.097167e+00 -2.210560e-02 1.886292e-01 -5.327495e-03 -7.348264e-01 -2.695609e-02
1.092800e+01 1.096771e+00 -2.478258e-02 1.885248e-01 -6.524330e-03 -7.352704e-01 -2.775089e-02
1.094400e+01 1.096331e+00 -2.749923e-02 1.884016e-01 -7.697285e-03 -7.357272e-01 -2.854922e-02
1.096000e+01 1.095837e+00 -3.086246e-02 1.882595e-01 -8.882425e-03 -7.361977e-01 -2.940919e-02
1.097600e+01 1.095302e+00 -3.343092e-02 1.880997e-01 -9.987831e-03 -7.366861e-01 -3.051906e-02
1.099200e+01 1.094732e+00 -3.564002e-02 1.879307e-01 -1.056031e-02 -7.371940e-01 -3.174582e-02
1.100800e+01 1.094144e+00 -3.671455e-02 1.877559e-01 -1.092843e-02 -7.377234e-01 -3.308943e-02
1.102400e+01 1.093555e+00 -3.682100e-02 1.875848e-01 -1.069110e-02 -7.382778e-01 -3.464832e-02
1.104000e+01 1.092966e+00 -3.679689e-02 1.874145e-01 -1.064530e-02 -7.388584e-01 -3.628931e-02
1.105600e+01 1.092383e+00 -3.644028e-02 1.872530e-01 -1.009615e-02 -7.394667e-01 -3.801549e-02
1.107200e+01 1.091828e+00 -3.468711e-02 1.871054e-01 -9.222080e-03 -7.401043e-01 -3.985105e-02
1.108800e+01 1.091299e+00 -3.309199e-02 1.869698e-01 -8.476359e-03 -7.407704e-01 -4.163362e-02
1.110400e+01 1.090785e+00 -3.207976e-02 1.868424e-01 -7.963410e-03 -7.414627e-01 -4.326456e-02
1.112000e+01 1.090280e+00 -3.157420e-02 1.867210e-01 -7.585225e-03 -7.421811e-01 -4.490412e-02
1.113600e+01 1.089787e+00 -3.081166e-02 1.866074e-01 -7.100136e-03 -7.429249e-01 -4.648646e-02
1.115200e+01 1.089302e+00 -3.032730e-02 1.864977e-01 -6.857691e-03 -7.436933e-01 -4.802225e-02
1.116800e+01 1.088822e+00 -2.998221e-02 1.863940e-01 -6.480302e-03 -7.444880e-01 -4.966982e-02
1.118400e+01 1.088345e+00 -2.984499e-02 1.862896e-01 -6.527215e-03 -7.453086e-01 -5.128688e-02
1.120000e+01 1.087866e+00 -2.992109e-02 1.861897e-01 -6.238923e-03 -7.461512e-01 -5.266432e-02
1.121600e+01 1.087388e+00 -2.986095e-02 1.860907e-01 -6.188385e-03 -7.470157e-01 -5.403087e-02
1.123200e+01 1.086910e+00 -2.986846e-02 1.859936e-01 -6.072850e-03 -7.479015e-01 -5.536011e-02
1.124800e+01 1.086435e+00 -2.970339e-02 1.858993e-01 -5.893734e-03 -7.488072e-01 -5.661203e-02
1.126400e+01 1.085955e+00 -2.999336e-02 1.858045e-01 -5.924448e-03 -7.497308e-01 -5.771926e-02
1.128000e+01 1.085476e+00 -2.997867e-02 1.857129e-01 -5.726304e-03 -7.506727e-01 -5.886962e-02
1.129600e+01 1.084996e+00 -2.994796e-02 1.856194e-01 -5.844136e-03 -7.516304e-01 -5.985887e-02
1.131200e+01 1.084513e+00 -3.023047e-02 1.855289e-01 -5.651010e-03 -7.526024e-01 -6.074929e-02
1.132800e+01 1.084026e+00 -3.039734e-02 1.854373e-01 -5.730072e-03 -7.535876e-01 -6.157235e-02
1.134400e+01 1.083534e+00 -3.076440e-02 1.853434e-01 -5.866680e-03 -7.545844e-01 -6.230488e-02
1.136000e+01 1.083037e+00 -3.106634e-02 1.852501e-01 -5.831561e-03 -7.555922e-01 -6.298652e-02
1.137600e+01 1.082534e+00 -3.145418e-02 1.851512e-01 -6.179626e-03 -7.566105e-01 -6.364073e-02
1.139200e+01 1.082028e+00 -3.162156e-02 1.850565e-01 -5.917010e-03 -7.576368e-01 -6.414768e-02
1.140800e+01 1.081518e+00 -3.184562e-02 1.849553e-01 -6.324515e-03 -7.586709e-01 -6.462631e-02
1.142400e+01 1.081007e+00 -3.195234e-02 1.848574e-01 -6.123831e-03 -7.597131e-01 -6.514227e-02
1.144000e+01 1.080492e+00 -3.217797e-02 1.847534e-01 -6.496040e-03 -7.607615e-01 -6.552567e-02
1.145600e+01 1.079970e+00 -3.262509e-02 1.846501e-01 -6.457240e-03 -7.618152e-01 -6.585376e-02
1.147200e+01 1.079444e+00 -3.290095e-02 1.845445e-01 -6.598079e-03 -7.628746e-01 -6.620972e-02
1.148800e+01 1.078916e+00 -3.297912e-02 1.844343e-01 -6.889030e-03 -7.639404e-01 -6.661757e-02
1.150400e+01 1.078385e+00 -3.318765e-02 1.843268e-01 -6.718376e-03 -7.650115e-01 -6.694399e-02
1.152000e+01 1.077853e+00 -3.328217e-02 1.842137e-01 -7.068177e-03 -7.660868e-01 -6.720113e-02
1.153600e+01 1.077321e+00 -3.322905e-02 1.841048e-01 -6.805894e-03 -7.671655e-01 -6.742336e-02
1.155200e+01 1.076792e+00 -3.308088e-02 1.839932e-01 -6.976612e-03 -7.682486e-01 -6.769487e-02
1.156800e+01 1.076264e+00 -3.296650e-02 1.838833e-01 -6.872255e-03 -7.693345e-01 -6.786744e-02
1.158400e+01 1.075738e+00 -3.287612e-02 1.837734e-01 -6.866081e-03 -7.704204e-01 -6.786785e-02
1.160000e+01 1.075212e+00 -3.287428e-02 1.836610e-01 -7.024718e-03 -7.715068e-01 -6.790131e-02
1.161600e+01 1.074689e+00 -3.268572e-02 1.835533e-01 -6.729760e-03 -7.725949e-01 -6.800641e-02
1.163200e+01 1.074173e+00 -3.225810e-02 1.834410e-01 -7.021273e-03 -7.736733e-01 -6.739984e-02
1.164800e+01 1.073663e+00 -3.190451e-02 1.833357e-01 -6.578983e-03 -7.747352e-01 -6.636928e-02
1.166400e+01 1.073158e+00 -3.154330e-02 1.832261e-01 -6.853387e-03 -7.757805e-01 -6.532599e-02
1.168000e+01 1.072660e+00 -3.115562e-02 1.831205e-01 -6.597585e-03 -7.768125e-01 -6.450283e-02
1.169600e+01 1.072166e+00 -3.084301e-02 1.830134e-01 -6.694223e-03 -7.778306e-01 -6.362814e-02
1.171200e+01 1.071676e+00 -3.065099e-02 1.829082e-01 -6.575113e-03 -7.788361e-01 -6.284467e-02
1.172800e+01 1.071189e+00 -3.039039e-02 1.828044e-01 -6.489953e-03 -7.798328e-01 -6.229609e-02
1.174400e+01 1.070706e+00 -3.022953e-02 1.826972e-01 -6.699556e-03 -7.808217e-01 -6.180513e-02
1.176000e+01 1.070221e+00 -3.026872e-02 1.825958e-01 -6.333478e-03 -7.818032e-01 -6.134295e-02
1.177600e+01 1.069736e+00 -3.030941e-02 1.824888e-01 -6.691246e-03 -7.827791e-01 -6.099411e-02
1.179200e+01 1.069255e+00 -3.011028e-02 1.823863e-01 -6.405088e-03 -7.837487e-01 -6.060351e-02
1.180800e+01 1.068776e+00 -2.992983e-02 1.822794e-01 -6.683474e-03 -7.847112e-01 -6.015613e-02
1.182400e+01 1.068299e+00 -2.982273e-02 1.821747e-01 -6.539612e-03 -7.856671e-01 -5.973862e-02
1.184000e+01 1.067823e+00 -2.975450e-02 1.820683e-01 -6.648200e-03 -7.866166e-01 -5.934454e-02
1.185600e+01 1.067348e+00 -2.967292e-02 1.819589e-01 -6.843342e-03 -7.875612e-01 -5.903917e-02
1.187200e+01 1.066876e+00 -2.950999e-02 1.818522e-01 -6.666992e-03 -7.885012e-01 -5.874987e-02
1.188800e+01 1.066405e+00 -2.942805e-02 1.817397e-01 -7.030324e-03 -7.894360e-01 -5.842546e-02
1.190400e+01 1.065935e+00 -2.936788e-02 1.816313e-01 -6.776980e-03 -7.903667e-01 -5.816973e-02
1.192000e+01 1.065467e+00 -2.926535e-02 1.815156e-01 -7.230461e-03 -7.912936e-01 -5.792832e-02
1.193600e+01 1.065001e+00 -2.912570e-02 1.814027e-01 -7.057750e-03 -7.922164e-01 -5.767674e-02
1.195200e+01 1.064536e+00 -2.905732e-02 1.812869e-01 -7.232774e-03 -7.931344e-01 -5.737539e-02
1.196800e+01 1.064072e+00 -2.901334e-02 1.811694e-01 -7.348686e-03 -7.940491e-01 -5.716632e-02
1.198400e+01 1.063609e+00 -2.889824e-02 1.810521e-01 -7.325158e-03 -7.949603e-01 -5.695170e-02
