# Time-series file. Body: 3.000000, Strike: 12.000000, Dip: 7.500000
# This is the file header:
# problem=TPV205
# author=D. Roten
# date=Tue Nov 17 12:01:58 2009
# code=FD3D-SGSN
# code_version=2.4.6_ETH with cohesion
# element_size=100 m
# time_step=0.016000
# num_time_step=12000.000000
# Column #1 = Time (s)
# Column #2 = horizontal displacement (m)
# Column #3 = horizontal velocity (m/s)
# Column #4 = vertical displacement (m)
# Column #5 = vertical velocity (m/s)
# Column #6 = normal displacement (m)
# Column #7 = normal velocity (m/s)
# The line below lists the names of the data fields.
#t  h-disp  h-vel  v-disp  v-vel  n-disp  n-vel
0.000000e+00 0.000000e+00 0.000000e+00 -0.000000e+00 -0.000000e+00 0.000000e+00 0.000000e+00
1.600000e-02 0.000000e+00 0.000000e+00 -0.000000e+00 -0.000000e+00 0.000000e+00 0.000000e+00
3.200000e-02 0.000000e+00 0.000000e+00 -0.000000e+00 -0.000000e+00 0.000000e+00 0.000000e+00
4.800000e-02 0.000000e+00 0.000000e+00 -0.000000e+00 -0.000000e+00 0.000000e+00 0.000000e+00
6.400000e-02 0.000000e+00 0.000000e+00 -0.000000e+00 -0.000000e+00 0.000000e+00 0.000000e+00
8.000000e-02 0.000000e+00 0.000000e+00 -0.000000e+00 -0.000000e+00 0.000000e+00 0.000000e+00
9.600000e-02 0.000000e+00 0.000000e+00 -0.000000e+00 -0.000000e+00 0.000000e+00 0.000000e+00
1.120000e-01 0.000000e+00 0.000000e+00 -0.000000e+00 -0.000000e+00 0.000000e+00 0.000000e+00
1.280000e-01 0.000000e+00 0.000000e+00 -0.000000e+00 -0.000000e+00 0.000000e+00 0.000000e+00
1.440000e-01 0.000000e+00 0.000000e+00 -0.000000e+00 -0.000000e+00 0.000000e+00 0.000000e+00
1.600000e-01 0.000000e+00 0.000000e+00 -0.000000e+00 -0.000000e+00 0.000000e+00 0.000000e+00
1.760000e-01 0.000000e+00 0.000000e+00 -0.000000e+00 -0.000000e+00 0.000000e+00 0.000000e+00
1.920000e-01 0.000000e+00 0.000000e+00 -0.000000e+00 -0.000000e+00 0.000000e+00 0.000000e+00
2.080000e-01 0.000000e+00 0.000000e+00 -0.000000e+00 -0.000000e+00 0.000000e+00 0.000000e+00
2.240000e-01 0.000000e+00 0.000000e+00 -0.000000e+00 -0.000000e+00 0.000000e+00 0.000000e+00
2.400000e-01 0.000000e+00 0.000000e+00 -0.000000e+00 -0.000000e+00 0.000000e+00 0.000000e+00
2.560000e-01 0.000000e+00 0.000000e+00 -0.000000e+00 -0.000000e+00 0.000000e+00 0.000000e+00
2.720000e-01 0.000000e+00 0.000000e+00 -0.000000e+00 -0.000000e+00 0.000000e+00 0.000000e+00
2.880000e-01 0.000000e+00 0.000000e+00 -0.000000e+00 -0.000000e+00 0.000000e+00 0.000000e+00
3.040000e-01 0.000000e+00 0.000000e+00 -0.000000e+00 -0.000000e+00 0.000000e+00 0.000000e+00
3.200000e-01 0.000000e+00 0.000000e+00 -0.000000e+00 -0.000000e+00 0.000000e+00 0.000000e+00
3.360000e-01 0.000000e+00 0.000000e+00 -0.000000e+00 -0.000000e+00 0.000000e+00 0.000000e+00
3.520000e-01 0.000000e+00 0.000000e+00 -0.000000e+00 -0.000000e+00 0.000000e+00 0.000000e+00
3.680000e-01 0.000000e+00 0.000000e+00 -0.000000e+00 -0.000000e+00 0.000000e+00 0.000000e+00
3.840000e-01 0.000000e+00 0.000000e+00 -0.000000e+00 -0.000000e+00 0.000000e+00 0.000000e+00
4.000000e-01 0.000000e+00 0.000000e+00 -0.000000e+00 -0.000000e+00 0.000000e+00 0.000000e+00
4.160000e-01 0.000000e+00 0.000000e+00 -0.000000e+00 -0.000000e+00 0.000000e+00 0.000000e+00
4.320000e-01 0.000000e+00 0.000000e+00 -0.000000e+00 -0.000000e+00 0.000000e+00 0.000000e+00
4.480000e-01 0.000000e+00 0.000000e+00 -0.000000e+00 -0.000000e+00 0.000000e+00 0.000000e+00
4.640000e-01 0.000000e+00 0.000000e+00 -0.000000e+00 -0.000000e+00 0.000000e+00 0.000000e+00
4.800000e-01 0.000000e+00 0.000000e+00 -0.000000e+00 -0.000000e+00 0.000000e+00 0.000000e+00
4.960000e-01 0.000000e+00 0.000000e+00 -0.000000e+00 -0.000000e+00 0.000000e+00 0.000000e+00
5.120000e-01 0.000000e+00 0.000000e+00 -0.000000e+00 -0.000000e+00 0.000000e+00 0.000000e+00
5.280000e-01 0.000000e+00 0.000000e+00 -0.000000e+00 -0.000000e+00 0.000000e+00 0.000000e+00
5.440000e-01 0.000000e+00 0.000000e+00 -0.000000e+00 -0.000000e+00 0.000000e+00 0.000000e+00
5.600000e-01 0.000000e+00 0.000000e+00 -0.000000e+00 -0.000000e+00 0.000000e+00 0.000000e+00
5.760000e-01 0.000000e+00 0.000000e+00 -0.000000e+00 -0.000000e+00 0.000000e+00 0.000000e+00
5.920000e-01 0.000000e+00 0.000000e+00 -0.000000e+00 -0.000000e+00 0.000000e+00 0.000000e+00
6.080000e-01 0.000000e+00 0.000000e+00 -0.000000e+00 -0.000000e+00 0.000000e+00 0.000000e+00
6.240000e-01 0.000000e+00 0.000000e+00 -0.000000e+00 -0.000000e+00 0.000000e+00 0.000000e+00
6.400000e-01 0.000000e+00 0.000000e+00 -0.000000e+00 -0.000000e+00 0.000000e+00 0.000000e+00
6.560000e-01 0.000000e+00 0.000000e+00 -0.000000e+00 -0.000000e+00 0.000000e+00 0.000000e+00
6.720000e-01 0.000000e+00 0.000000e+00 -0.000000e+00 -0.000000e+00 0.000000e+00 0.000000e+00
6.880000e-01 0.000000e+00 0.000000e+00 -0.000000e+00 -0.000000e+00 0.000000e+00 0.000000e+00
7.040000e-01 0.000000e+00 0.000000e+00 -0.000000e+00 -0.000000e+00 0.000000e+00 0.000000e+00
7.200000e-01 0.000000e+00 0.000000e+00 -0.000000e+00 -0.000000e+00 0.000000e+00 0.000000e+00
7.360000e-01 0.000000e+00 0.000000e+00 -0.000000e+00 -0.000000e+00 0.000000e+00 0.000000e+00
7.520000e-01 0.000000e+00 0.000000e+00 -0.000000e+00 -0.000000e+00 0.000000e+00 0.000000e+00
7.680000e-01 0.000000e+00 0.000000e+00 -0.000000e+00 -0.000000e+00 0.000000e+00 0.000000e+00
7.840000e-01 0.000000e+00 0.000000e+00 -0.000000e+00 -0.000000e+00 0.000000e+00 0.000000e+00
8.000000e-01 0.000000e+00 0.000000e+00 -0.000000e+00 -0.000000e+00 0.000000e+00 0.000000e+00
8.160000e-01 0.000000e+00 0.000000e+00 -0.000000e+00 -0.000000e+00 0.000000e+00 0.000000e+00
8.320000e-01 0.000000e+00 0.000000e+00 -0.000000e+00 -0.000000e+00 0.000000e+00 0.000000e+00
8.480000e-01 0.000000e+00 0.000000e+00 -0.000000e+00 -0.000000e+00 0.000000e+00 0.000000e+00
8.640000e-01 0.000000e+00 0.000000e+00 -0.000000e+00 -0.000000e+00 0.000000e+00 0.000000e+00
8.800000e-01 0.000000e+00 0.000000e+00 -0.000000e+00 -0.000000e+00 0.000000e+00 0.000000e+00
8.960000e-01 0.000000e+00 0.000000e+00 -0.000000e+00 -0.000000e+00 0.000000e+00 0.000000e+00
9.120000e-01 0.000000e+00 0.000000e+00 -0.000000e+00 -0.000000e+00 0.000000e+00 0.000000e+00
9.280000e-01 0.000000e+00 0.000000e+00 -0.000000e+00 -0.000000e+00 0.000000e+00 0.000000e+00
9.440000e-01 0.000000e+00 0.000000e+00 -0.000000e+00 -0.000000e+00 0.000000e+00 0.000000e+00
9.600000e-01 0.000000e+00 0.000000e+00 -0.000000e+00 -0.000000e+00 0.000000e+00 0.000000e+00
9.760000e-01 0.000000e+00 0.000000e+00 -0.000000e+00 -0.000000e+00 0.000000e+00 0.000000e+00
9.920000e-01 0.000000e+00 0.000000e+00 -0.000000e+00 -0.000000e+00 0.000000e+00 0.000000e+00
1.008000e+00 0.000000e+00 0.000000e+00 -0.000000e+00 -0.000000e+00 0.000000e+00 0.000000e+00
1.024000e+00 0.000000e+00 0.000000e+00 -0.000000e+00 -0.000000e+00 0.000000e+00 0.000000e+00
1.040000e+00 0.000000e+00 0.000000e+00 -0.000000e+00 -0.000000e+00 0.000000e+00 0.000000e+00
1.056000e+00 0.000000e+00 0.000000e+00 -0.000000e+00 -0.000000e+00 0.000000e+00 0.000000e+00
1.072000e+00 0.000000e+00 0.000000e+00 -0.000000e+00 -0.000000e+00 0.000000e+00 0.000000e+00
1.088000e+00 0.000000e+00 0.000000e+00 -0.000000e+00 -0.000000e+00 0.000000e+00 0.000000e+00
1.104000e+00 0.000000e+00 0.000000e+00 -0.000000e+00 -0.000000e+00 0.000000e+00 0.000000e+00
1.120000e+00 0.000000e+00 0.000000e+00 -0.000000e+00 -0.000000e+00 0.000000e+00 0.000000e+00
1.136000e+00 0.000000e+00 0.000000e+00 -0.000000e+00 -0.000000e+00 0.000000e+00 0.000000e+00
1.152000e+00 0.000000e+00 0.000000e+00 -0.000000e+00 -0.000000e+00 0.000000e+00 0.000000e+00
1.168000e+00 0.000000e+00 0.000000e+00 -0.000000e+00 -0.000000e+00 0.000000e+00 0.000000e+00
1.184000e+00 0.000000e+00 0.000000e+00 -0.000000e+00 -0.000000e+00 0.000000e+00 0.000000e+00
1.200000e+00 0.000000e+00 0.000000e+00 -0.000000e+00 -0.000000e+00 0.000000e+00 0.000000e+00
1.216000e+00 0.000000e+00 0.000000e+00 -0.000000e+00 -0.000000e+00 0.000000e+00 0.000000e+00
1.232000e+00 0.000000e+00 0.000000e+00 -0.000000e+00 -0.000000e+00 0.000000e+00 0.000000e+00
1.248000e+00 0.000000e+00 0.000000e+00 -0.000000e+00 -0.000000e+00 0.000000e+00 0.000000e+00
1.264000e+00 0.000000e+00 0.000000e+00 -0.000000e+00 -0.000000e+00 0.000000e+00 0.000000e+00
1.280000e+00 0.000000e+00 0.000000e+00 -0.000000e+00 -0.000000e+00 0.000000e+00 0.000000e+00
1.296000e+00 0.000000e+00 0.000000e+00 -0.000000e+00 -0.000000e+00 0.000000e+00 0.000000e+00
1.312000e+00 0.000000e+00 0.000000e+00 -0.000000e+00 -0.000000e+00 0.000000e+00 0.000000e+00
1.328000e+00 0.000000e+00 0.000000e+00 -0.000000e+00 -0.000000e+00 0.000000e+00 0.000000e+00
1.344000e+00 0.000000e+00 0.000000e+00 -0.000000e+00 -0.000000e+00 0.000000e+00 0.000000e+00
1.360000e+00 0.000000e+00 0.000000e+00 -0.000000e+00 -0.000000e+00 0.000000e+00 0.000000e+00
1.376000e+00 0.000000e+00 0.000000e+00 -0.000000e+00 -0.000000e+00 0.000000e+00 0.000000e+00
1.392000e+00 0.000000e+00 0.000000e+00 -0.000000e+00 -0.000000e+00 0.000000e+00 0.000000e+00
1.408000e+00 0.000000e+00 0.000000e+00 -0.000000e+00 -0.000000e+00 0.000000e+00 0.000000e+00
1.424000e+00 0.000000e+00 0.000000e+00 -0.000000e+00 -0.000000e+00 0.000000e+00 0.000000e+00
1.440000e+00 0.000000e+00 0.000000e+00 -0.000000e+00 -0.000000e+00 0.000000e+00 0.000000e+00
1.456000e+00 0.000000e+00 0.000000e+00 -0.000000e+00 -0.000000e+00 0.000000e+00 0.000000e+00
1.472000e+00 0.000000e+00 0.000000e+00 -0.000000e+00 -0.000000e+00 0.000000e+00 0.000000e+00
1.488000e+00 0.000000e+00 0.000000e+00 -0.000000e+00 -0.000000e+00 0.000000e+00 0.000000e+00
1.504000e+00 0.000000e+00 0.000000e+00 -0.000000e+00 -0.000000e+00 0.000000e+00 0.000000e+00
1.520000e+00 0.000000e+00 0.000000e+00 -0.000000e+00 -0.000000e+00 0.000000e+00 0.000000e+00
1.536000e+00 0.000000e+00 0.000000e+00 -0.000000e+00 -0.000000e+00 0.000000e+00 0.000000e+00
1.552000e+00 0.000000e+00 0.000000e+00 -0.000000e+00 -0.000000e+00 0.000000e+00 0.000000e+00
1.568000e+00 0.000000e+00 0.000000e+00 -0.000000e+00 -0.000000e+00 0.000000e+00 0.000000e+00
1.584000e+00 0.000000e+00 0.000000e+00 -0.000000e+00 -0.000000e+00 0.000000e+00 0.000000e+00
1.600000e+00 4.530060e-37 2.831287e-35 -0.000000e+00 -0.000000e+00 4.561963e-38 2.851227e-36
1.616000e+00 -7.544069e-34 -4.717874e-32 -0.000000e+00 -0.000000e+00 -2.285594e-34 -1.428781e-32
1.632000e+00 -1.088226e-30 -6.796697e-29 3.062806e-39 1.914254e-37 1.968788e-31 1.231921e-29
1.648000e+00 4.439652e-27 2.775462e-25 -2.064574e-34 -1.290378e-32 3.060945e-28 1.911860e-26
1.664000e+00 -5.948713e-24 -3.720720e-22 -1.420633e-31 -8.866052e-30 -7.997590e-25 -5.000407e-23
1.680000e+00 4.827689e-21 3.021023e-19 6.095502e-30 3.898478e-28 8.071246e-22 5.049527e-20
1.696000e+00 -2.778461e-18 -1.739555e-16 2.362101e-26 1.475932e-24 -4.715636e-19 -2.952317e-17
1.712000e+00 1.076894e-15 6.747951e-14 -1.015307e-23 -6.360430e-22 1.514420e-16 9.494597e-15
1.728000e+00 -2.023331e-13 -1.271312e-11 6.377202e-21 3.992097e-19 -1.302296e-14 -8.234004e-13
1.744000e+00 -8.926165e-13 -4.314271e-11 6.649009e-19 4.115773e-17 -4.307447e-12 -2.684015e-10
1.760000e+00 2.545592e-09 1.591553e-07 -3.833567e-17 -2.437536e-15 5.114419e-10 3.223433e-08
1.776000e+00 1.991344e-09 -3.464049e-08 2.506171e-15 1.590316e-13 1.003940e-08 5.954971e-07
1.792000e+00 -3.685568e-07 -2.315926e-05 1.596380e-15 -5.686191e-14 -1.011065e-08 -1.259378e-06
1.808000e+00 8.947416e-07 7.895615e-05 -3.119594e-14 -2.049520e-12 2.351476e-07 1.532864e-05
1.824000e+00 4.674026e-06 2.362052e-04 2.096032e-13 1.504995e-11 1.221334e-06 6.163664e-05
1.840000e+00 9.259476e-06 2.865907e-04 2.349956e-14 -1.163148e-11 2.298097e-06 6.729768e-05
1.856000e+00 1.454328e-05 3.302377e-04 -6.799703e-13 -4.396686e-11 3.409092e-06 6.943720e-05
1.872000e+00 2.057678e-05 3.770939e-04 -1.103276e-12 -2.645660e-11 4.546876e-06 7.111151e-05
1.888000e+00 2.747655e-05 4.312357e-04 -1.240576e-12 -8.581242e-12 5.727054e-06 7.376111e-05
1.904000e+00 3.534458e-05 4.917518e-04 -9.705515e-13 1.687651e-11 6.950046e-06 7.643698e-05
1.920000e+00 4.431581e-05 5.607021e-04 2.099768e-12 1.918950e-10 8.227410e-06 7.983526e-05
1.936000e+00 5.453134e-05 6.384703e-04 2.182896e-12 5.195452e-12 9.561380e-06 8.337313e-05
1.952000e+00 6.617160e-05 7.275166e-04 2.189169e-12 3.920614e-13 1.095941e-05 8.737687e-05
1.968000e+00 7.946132e-05 8.306075e-04 3.381462e-12 7.451835e-11 1.243284e-05 9.208916e-05
1.984000e+00 9.464937e-05 9.492532e-04 2.778534e-12 -3.768303e-11 1.400201e-05 9.807351e-05
2.000000e+00 1.119323e-04 1.080180e-03 3.015990e-12 1.484099e-11 1.567189e-05 1.043672e-04
2.016000e+00 1.315319e-04 1.224975e-03 8.116449e-12 3.187787e-10 1.741609e-05 1.090126e-04
2.032000e+00 1.543921e-04 1.428768e-03 9.834261e-12 1.073633e-10 1.946341e-05 1.279574e-04
2.048000e+00 1.804470e-04 1.628431e-03 1.187032e-11 1.272537e-10 2.165888e-05 1.372169e-04
2.064000e+00 2.101127e-04 1.854106e-03 1.269129e-11 5.131078e-11 2.404141e-05 1.489085e-04
2.080000e+00 2.437881e-04 2.104709e-03 1.902609e-11 3.959251e-10 2.663505e-05 1.621022e-04
2.096000e+00 2.827699e-04 2.436362e-03 1.292733e-11 -3.811728e-10 2.957025e-05 1.834503e-04
2.112000e+00 3.275367e-04 2.797925e-03 1.772582e-11 2.999059e-10 3.291301e-05 2.089221e-04
2.128000e+00 3.786477e-04 3.194442e-03 1.920322e-11 9.233725e-11 3.661268e-05 2.312292e-04
2.144000e+00 4.370074e-04 3.647479e-03 1.673962e-11 -1.539747e-10 4.070354e-05 2.556790e-04
2.160000e+00 5.044263e-04 4.213681e-03 2.010770e-11 2.105046e-10 4.549075e-05 2.992009e-04
2.176000e+00 5.820620e-04 4.852231e-03 2.113983e-11 6.450823e-11 5.090871e-05 3.386221e-04
2.192000e+00 6.722691e-04 5.637944e-03 3.873986e-12 -1.079115e-09 5.732494e-05 4.010145e-04
2.208000e+00 7.767412e-04 6.529511e-03 1.820332e-11 8.955831e-10 6.496245e-05 4.773443e-04
2.224000e+00 8.987277e-04 7.624154e-03 1.585068e-11 -1.470396e-10 7.410427e-05 5.713635e-04
2.240000e+00 1.040848e-03 8.882534e-03 1.862544e-11 1.734227e-10 8.492539e-05 6.763201e-04
2.256000e+00 1.206783e-03 1.037090e-02 -2.483852e-11 -2.716498e-09 9.791293e-05 8.117216e-04
2.272000e+00 1.400988e-03 1.213782e-02 1.307825e-12 1.634147e-09 1.134674e-04 9.721530e-04
2.288000e+00 1.631600e-03 1.441326e-02 -4.122722e-11 -2.658441e-09 1.331410e-04 1.229599e-03
2.304000e+00 1.889945e-03 1.614656e-02 -3.564841e-11 3.486758e-10 1.541418e-04 1.312550e-03
2.320000e+00 2.193242e-03 1.895609e-02 -3.558281e-12 2.005633e-09 1.793704e-04 1.576789e-03
2.336000e+00 2.558152e-03 2.280685e-02 1.351766e-11 1.067246e-09 2.111348e-04 1.985277e-03
2.352000e+00 2.964969e-03 2.542606e-02 8.031330e-12 -3.428956e-10 2.475929e-04 2.278632e-03
2.368000e+00 3.314391e-03 2.183890e-02 7.474336e-11 4.169502e-09 2.569074e-04 5.821548e-04
2.384000e+00 3.640827e-03 2.040224e-02 3.584380e-11 -2.431222e-09 2.501383e-04 -4.230688e-04
2.400000e+00 3.959387e-03 1.990998e-02 -5.425581e-11 -5.631225e-09 2.327174e-04 -1.088806e-03
2.416000e+00 4.277015e-03 1.985173e-02 -8.611688e-11 -1.991317e-09 2.072647e-04 -1.590796e-03
2.432000e+00 4.593972e-03 1.980984e-02 -1.372421e-10 -3.195329e-09 1.740157e-04 -2.078059e-03
2.448000e+00 4.910617e-03 1.979030e-02 -9.608851e-11 2.572102e-09 1.329155e-04 -2.568766e-03
2.464000e+00 5.226559e-03 1.974640e-02 -1.070710e-10 -6.864042e-10 8.447995e-05 -3.027221e-03
2.480000e+00 5.539919e-03 1.958499e-02 -1.334569e-10 -1.649120e-09 2.818209e-05 -3.518616e-03
2.496000e+00 5.851609e-03 1.948064e-02 -3.372959e-10 -1.273994e-08 -3.523061e-05 -3.963294e-03
2.512000e+00 6.165432e-03 1.961391e-02 -4.824304e-10 -9.070905e-09 -1.050998e-04 -4.366822e-03
2.528000e+00 6.478509e-03 1.956734e-02 -3.334202e-10 9.313140e-09 -1.815276e-04 -4.776742e-03
2.544000e+00 6.791301e-03 1.954949e-02 -4.398233e-10 -6.650195e-09 -2.640853e-04 -5.159855e-03
2.560000e+00 7.104885e-03 1.959898e-02 -2.831485e-10 9.792172e-09 -3.524579e-04 -5.523286e-03
2.576000e+00 7.419810e-03 1.968281e-02 -2.468438e-10 2.269043e-09 -4.465440e-04 -5.880379e-03
2.592000e+00 7.739332e-03 1.997012e-02 -3.100422e-10 -3.949894e-09 -5.453711e-04 -6.176698e-03
2.608000e+00 8.059415e-03 2.000519e-02 -2.419169e-10 4.257826e-09 -6.498311e-04 -6.528748e-03
2.624000e+00 8.380491e-03 2.006728e-02 -2.757715e-10 -2.115908e-09 -7.600490e-04 -6.888620e-03
2.640000e+00 8.704220e-03 2.023307e-02 -4.805149e-11 1.423250e-08 -8.750336e-04 -7.186538e-03
2.656000e+00 9.033671e-03 2.059066e-02 -6.171931e-11 -8.542390e-10 -9.942745e-04 -7.452558e-03
2.672000e+00 9.365866e-03 2.076221e-02 -9.295955e-11 -1.952515e-09 -1.118236e-03 -7.747589e-03
2.688000e+00 9.702841e-03 2.106092e-02 -1.028551e-10 -6.184715e-10 -1.246508e-03 -8.017004e-03
2.704000e+00 1.004390e-02 2.131629e-02 1.619656e-11 7.440728e-09 -1.379188e-03 -8.292467e-03
2.720000e+00 1.039035e-02 2.165294e-02 -5.089918e-11 -4.193483e-09 -1.516023e-03 -8.552191e-03
2.736000e+00 1.074132e-02 2.193571e-02 2.168112e-10 1.673190e-08 -1.657097e-03 -8.817159e-03
2.752000e+00 1.110073e-02 2.246307e-02 4.447717e-10 1.424753e-08 -1.801855e-03 -9.047357e-03
2.768000e+00 1.146577e-02 2.281486e-02 2.691321e-10 -1.097748e-08 -1.949985e-03 -9.258164e-03
2.784000e+00 1.183706e-02 2.320570e-02 9.307749e-10 4.135268e-08 -2.102118e-03 -9.508290e-03
2.800000e+00 1.221600e-02 2.368408e-02 3.269531e-10 -3.773886e-08 -2.257783e-03 -9.729061e-03
2.816000e+00 1.260550e-02 2.434383e-02 1.381724e-09 6.592319e-08 -2.416677e-03 -9.930884e-03
2.832000e+00 1.300293e-02 2.483907e-02 1.159228e-09 -1.390598e-08 -2.578896e-03 -1.013870e-02
2.848000e+00 1.341021e-02 2.545486e-02 1.755003e-09 3.723588e-08 -2.744172e-03 -1.032974e-02
2.864000e+00 1.382957e-02 2.621043e-02 2.551316e-09 4.976959e-08 -2.912454e-03 -1.051760e-02
2.880000e+00 1.425880e-02 2.682689e-02 7.662710e-10 -1.115653e-07 -3.083849e-03 -1.071217e-02
2.896000e+00 1.469668e-02 2.736749e-02 -1.857888e-08 -1.209072e-06 -3.258868e-03 -1.093874e-02
2.912000e+00 1.514833e-02 2.822808e-02 -6.092476e-08 -2.646617e-06 -3.437079e-03 -1.113815e-02
2.928000e+00 1.561488e-02 2.915902e-02 -1.301177e-07 -4.324556e-06 -3.617850e-03 -1.129821e-02
2.944000e+00 1.609296e-02 2.988016e-02 -2.300251e-07 -6.244217e-06 -3.801928e-03 -1.150485e-02
2.960000e+00 1.658542e-02 3.077892e-02 -3.666781e-07 -8.540808e-06 -3.989174e-03 -1.170292e-02
2.976000e+00 1.708904e-02 3.147633e-02 -5.451583e-07 -1.115501e-05 -4.179793e-03 -1.191364e-02
2.992000e+00 1.760508e-02 3.225235e-02 -7.712355e-07 -1.412983e-05 -4.374136e-03 -1.214646e-02
3.008000e+00 1.813387e-02 3.304926e-02 -1.052701e-06 -1.759161e-05 -4.571825e-03 -1.235556e-02
3.024000e+00 1.867498e-02 3.381944e-02 -1.397569e-06 -2.155426e-05 -4.773132e-03 -1.258170e-02
3.040000e+00 1.923159e-02 3.478816e-02 -1.815603e-06 -2.612712e-05 -4.977656e-03 -1.278276e-02
3.056000e+00 1.980424e-02 3.579029e-02 -2.317135e-06 -3.134574e-05 -5.185451e-03 -1.298717e-02
3.072000e+00 2.039463e-02 3.689981e-02 -2.915023e-06 -3.736801e-05 -5.396274e-03 -1.317641e-02
3.088000e+00 2.100279e-02 3.800983e-02 -3.621585e-06 -4.416010e-05 -5.610292e-03 -1.337612e-02
3.104000e+00 2.163078e-02 3.924925e-02 -4.460832e-06 -5.245297e-05 -5.827367e-03 -1.356719e-02
3.120000e+00 2.227921e-02 4.052664e-02 -5.446770e-06 -6.162111e-05 -6.047702e-03 -1.377094e-02
3.136000e+00 2.294839e-02 4.182429e-02 -6.593421e-06 -7.166571e-05 -6.270976e-03 -1.395464e-02
3.152000e+00 2.363525e-02 4.292871e-02 -7.938828e-06 -8.408789e-05 -6.487642e-03 -1.354162e-02
3.168000e+00 2.434101e-02 4.410993e-02 -9.499445e-06 -9.753860e-05 -6.701398e-03 -1.335975e-02
3.184000e+00 2.506726e-02 4.539069e-02 -1.132260e-05 -1.139469e-04 -6.915490e-03 -1.338079e-02
3.200000e+00 2.581436e-02 4.669351e-02 -1.344948e-05 -1.329304e-04 -7.129948e-03 -1.340362e-02
3.216000e+00 2.658288e-02 4.803276e-02 -1.588049e-05 -1.519380e-04 -7.345115e-03 -1.344792e-02
3.232000e+00 2.737124e-02 4.927229e-02 -1.869052e-05 -1.756269e-04 -7.561176e-03 -1.350381e-02
3.248000e+00 2.818007e-02 5.055216e-02 -2.192403e-05 -2.020944e-04 -7.777903e-03 -1.354548e-02
3.264000e+00 2.901158e-02 5.196889e-02 -2.565901e-05 -2.334363e-04 -7.994709e-03 -1.355033e-02
3.280000e+00 2.986692e-02 5.345907e-02 -2.992214e-05 -2.664453e-04 -8.210696e-03 -1.349922e-02
3.296000e+00 3.074562e-02 5.491884e-02 -3.477361e-05 -3.032170e-04 -8.425283e-03 -1.341169e-02
3.312000e+00 3.164938e-02 5.648473e-02 -4.036587e-05 -3.495164e-04 -8.637778e-03 -1.328093e-02
3.328000e+00 3.257885e-02 5.809165e-02 -4.667727e-05 -3.944625e-04 -8.846998e-03 -1.307624e-02
3.344000e+00 3.353249e-02 5.960283e-02 -5.391819e-05 -4.525575e-04 -9.052226e-03 -1.282675e-02
3.360000e+00 3.450829e-02 6.098754e-02 -6.218267e-05 -5.165300e-04 -9.251225e-03 -1.243746e-02
3.376000e+00 3.550668e-02 6.239921e-02 -7.173974e-05 -5.973167e-04 -9.443247e-03 -1.200134e-02
3.392000e+00 3.652969e-02 6.393836e-02 -8.273836e-05 -6.874136e-04 -9.628305e-03 -1.156616e-02
3.408000e+00 3.758031e-02 6.566345e-02 -9.544302e-05 -7.940417e-04 -9.804734e-03 -1.102678e-02
3.424000e+00 3.865654e-02 6.726477e-02 -1.098597e-04 -9.010446e-04 -9.968754e-03 -1.025125e-02
3.440000e+00 3.975697e-02 6.877635e-02 -1.267208e-04 -1.053815e-03 -1.011546e-02 -9.169211e-03
3.456000e+00 4.088293e-02 7.037257e-02 -1.461822e-04 -1.216339e-03 -1.024683e-02 -8.210536e-03
3.472000e+00 4.203161e-02 7.179240e-02 -1.689118e-04 -1.420600e-03 -1.035407e-02 -6.702449e-03
3.488000e+00 4.319216e-02 7.253484e-02 -1.949708e-04 -1.628686e-03 -1.044133e-02 -5.454036e-03
3.504000e+00 4.436164e-02 7.309239e-02 -2.256847e-04 -1.919618e-03 -1.050267e-02 -3.833416e-03
3.520000e+00 4.553831e-02 7.354189e-02 -2.573846e-04 -1.981243e-03 -1.052868e-02 -1.625964e-03
3.536000e+00 4.671758e-02 7.370454e-02 -2.893310e-04 -1.996654e-03 -1.051162e-02 1.066654e-03
3.552000e+00 4.789373e-02 7.350897e-02 -3.220313e-04 -2.043766e-03 -1.044054e-02 4.442198e-03
3.568000e+00 4.906150e-02 7.298563e-02 -3.556946e-04 -2.103958e-03 -1.029681e-02 8.983420e-03
3.584000e+00 5.020960e-02 7.175648e-02 -3.903248e-04 -2.164390e-03 -1.005395e-02 1.517880e-02
3.600000e+00 5.132076e-02 6.944758e-02 -4.258590e-04 -2.220883e-03 -9.669630e-03 2.401975e-02
3.616000e+00 5.236218e-02 6.508885e-02 -4.624507e-04 -2.286981e-03 -9.068563e-03 3.756670e-02
3.632000e+00 5.328360e-02 5.758835e-02 -4.999314e-04 -2.342547e-03 -8.077319e-03 6.195277e-02
3.648000e+00 5.413588e-02 5.326753e-02 -5.384534e-04 -2.407623e-03 -6.809709e-03 7.922563e-02
3.664000e+00 5.493729e-02 5.008838e-02 -5.778133e-04 -2.459996e-03 -5.357987e-03 9.073260e-02
3.680000e+00 5.569709e-02 4.748725e-02 -6.180846e-04 -2.516958e-03 -3.767728e-03 9.939121e-02
3.696000e+00 5.642288e-02 4.536228e-02 -6.591173e-04 -2.564542e-03 -2.063914e-03 1.064884e-01
3.712000e+00 5.712554e-02 4.391565e-02 -7.013850e-04 -2.641730e-03 -2.690049e-04 1.121818e-01
3.728000e+00 5.782067e-02 4.344622e-02 -7.446267e-04 -2.702605e-03 1.549656e-03 1.136663e-01
3.744000e+00 5.850754e-02 4.292938e-02 -7.889842e-04 -2.772342e-03 3.367292e-03 1.136022e-01
3.760000e+00 5.919776e-02 4.313815e-02 -8.339501e-04 -2.810373e-03 5.173901e-03 1.129131e-01
3.776000e+00 5.990729e-02 4.434610e-02 -8.799836e-04 -2.877091e-03 6.928018e-03 1.096323e-01
3.792000e+00 6.065804e-02 4.692164e-02 -9.271350e-04 -2.946965e-03 8.570704e-03 1.026679e-01
3.808000e+00 6.143651e-02 4.865425e-02 -9.747174e-04 -2.973900e-03 1.012342e-02 9.704461e-02
3.824000e+00 6.224938e-02 5.080477e-02 -1.023369e-03 -3.040698e-03 1.159749e-02 9.212960e-02
3.840000e+00 6.309072e-02 5.258339e-02 -1.073562e-03 -3.137061e-03 1.300418e-02 8.791831e-02
3.856000e+00 6.396101e-02 5.439300e-02 -1.125279e-03 -3.232354e-03 1.434693e-02 8.392156e-02
3.872000e+00 6.485608e-02 5.594200e-02 -1.178094e-03 -3.300949e-03 1.563659e-02 8.060382e-02
3.888000e+00 6.578065e-02 5.778608e-02 -1.231983e-03 -3.368027e-03 1.687942e-02 7.767710e-02
3.904000e+00 6.673220e-02 5.947186e-02 -1.287303e-03 -3.457512e-03 1.808487e-02 7.534020e-02
3.920000e+00 6.770189e-02 6.060505e-02 -1.344504e-03 -3.575040e-03 1.925778e-02 7.330672e-02
3.936000e+00 6.869222e-02 6.189603e-02 -1.403334e-03 -3.676870e-03 2.040227e-02 7.153118e-02
3.952000e+00 6.970283e-02 6.316326e-02 -1.463761e-03 -3.776692e-03 2.152626e-02 7.024911e-02
3.968000e+00 7.073061e-02 6.423608e-02 -1.525967e-03 -3.887911e-03 2.263549e-02 6.932677e-02
3.984000e+00 7.177406e-02 6.521560e-02 -1.590260e-03 -4.018278e-03 2.373047e-02 6.843647e-02
4.000000e+00 7.283582e-02 6.635983e-02 -1.656989e-03 -4.170592e-03 2.482014e-02 6.810452e-02
4.016000e+00 7.390739e-02 6.697305e-02 -1.725873e-03 -4.305254e-03 2.591145e-02 6.820671e-02
4.032000e+00 7.498922e-02 6.761444e-02 -1.796729e-03 -4.428458e-03 2.700557e-02 6.838245e-02
4.048000e+00 7.608340e-02 6.838628e-02 -1.869195e-03 -4.529175e-03 2.810787e-02 6.889396e-02
4.064000e+00 7.718406e-02 6.879114e-02 -1.943796e-03 -4.662549e-03 2.922236e-02 6.965528e-02
4.080000e+00 7.829028e-02 6.913870e-02 -2.021324e-03 -4.845476e-03 3.035158e-02 7.057612e-02
4.096000e+00 7.940454e-02 6.964129e-02 -2.101283e-03 -4.997441e-03 3.150051e-02 7.180817e-02
4.112000e+00 8.051726e-02 6.954546e-02 -2.183623e-03 -5.146259e-03 3.267353e-02 7.331362e-02
4.128000e+00 8.163020e-02 6.955835e-02 -2.267600e-03 -5.248535e-03 3.387339e-02 7.499178e-02
4.144000e+00 8.274330e-02 6.956885e-02 -2.353591e-03 -5.374467e-03 3.510506e-02 7.697896e-02
4.160000e+00 8.384912e-02 6.911352e-02 -2.442279e-03 -5.543030e-03 3.637155e-02 7.915583e-02
4.176000e+00 8.494809e-02 6.868578e-02 -2.533122e-03 -5.677633e-03 3.767500e-02 8.146533e-02
4.192000e+00 8.604122e-02 6.832061e-02 -2.625749e-03 -5.789213e-03 3.901970e-02 8.404393e-02
4.208000e+00 8.711714e-02 6.724486e-02 -2.721365e-03 -5.976017e-03 4.040803e-02 8.677063e-02
4.224000e+00 8.818439e-02 6.670321e-02 -2.818976e-03 -6.100650e-03 4.184115e-02 8.957037e-02
4.240000e+00 8.923340e-02 6.556360e-02 -2.918534e-03 -6.222366e-03 4.331950e-02 9.239633e-02
4.256000e+00 9.026465e-02 6.445272e-02 -3.019214e-03 -6.292509e-03 4.484293e-02 9.521472e-02
4.272000e+00 9.127566e-02 6.318802e-02 -3.122224e-03 -6.438136e-03 4.642064e-02 9.860678e-02
4.288000e+00 9.225413e-02 6.115442e-02 -3.226764e-03 -6.533757e-03 4.805429e-02 1.021031e-01
4.304000e+00 9.322731e-02 6.082401e-02 -3.332052e-03 -6.580488e-03 4.972191e-02 1.042263e-01
4.320000e+00 9.420996e-02 6.141556e-02 -3.437839e-03 -6.611694e-03 5.136797e-02 1.028785e-01
4.336000e+00 9.521472e-02 6.279760e-02 -3.542346e-03 -6.531726e-03 5.298505e-02 1.010677e-01
4.352000e+00 9.623672e-02 6.387494e-02 -3.645891e-03 -6.471522e-03 5.457388e-02 9.930208e-02
4.368000e+00 9.728772e-02 6.568754e-02 -3.746378e-03 -6.280426e-03 5.612466e-02 9.692380e-02
4.384000e+00 9.837589e-02 6.801067e-02 -3.842983e-03 -6.037848e-03 5.763266e-02 9.424967e-02
4.400000e+00 9.950673e-02 7.067745e-02 -3.934799e-03 -5.738460e-03 5.908255e-02 9.061823e-02
4.416000e+00 1.006983e-01 7.447413e-02 -4.021128e-03 -5.395597e-03 6.046137e-02 8.617619e-02
4.432000e+00 1.019555e-01 7.857625e-02 -4.102155e-03 -5.064152e-03 6.175362e-02 8.076579e-02
4.448000e+00 1.032820e-01 8.290628e-02 -4.191590e-03 -5.589742e-03 6.294660e-02 7.456090e-02
4.464000e+00 1.046716e-01 8.684731e-02 -4.290022e-03 -6.151947e-03 6.403833e-02 6.823350e-02
4.480000e+00 1.061365e-01 9.155628e-02 -4.393835e-03 -6.488340e-03 6.505240e-02 6.337915e-02
4.496000e+00 1.076622e-01 9.535730e-02 -4.502788e-03 -6.809577e-03 6.600939e-02 5.981220e-02
4.512000e+00 1.092575e-01 9.970366e-02 -4.615865e-03 -7.067295e-03 6.693158e-02 5.763641e-02
4.528000e+00 1.109054e-01 1.029926e-01 -4.733700e-03 -7.364715e-03 6.784011e-02 5.678358e-02
4.544000e+00 1.126040e-01 1.061661e-01 -4.858346e-03 -7.790328e-03 6.876009e-02 5.749872e-02
4.560000e+00 1.143488e-01 1.090511e-01 -4.989292e-03 -8.184174e-03 6.970226e-02 5.888569e-02
4.576000e+00 1.161365e-01 1.117273e-01 -5.130688e-03 -8.837222e-03 7.068061e-02 6.114660e-02
4.592000e+00 1.179692e-01 1.145491e-01 -5.279151e-03 -9.278908e-03 7.170442e-02 6.398797e-02
4.608000e+00 1.198162e-01 1.154352e-01 -5.426845e-03 -9.230902e-03 7.277233e-02 6.674439e-02
4.624000e+00 1.216838e-01 1.167231e-01 -5.569384e-03 -8.908716e-03 7.388552e-02 6.957479e-02
4.640000e+00 1.235615e-01 1.173561e-01 -5.712956e-03 -8.973210e-03 7.504505e-02 7.247027e-02
4.656000e+00 1.254584e-01 1.185586e-01 -5.856883e-03 -8.995437e-03 7.625505e-02 7.562504e-02
4.672000e+00 1.273719e-01 1.195912e-01 -5.998624e-03 -8.858852e-03 7.751007e-02 7.843855e-02
4.688000e+00 1.293006e-01 1.205478e-01 -6.141965e-03 -8.958810e-03 7.881384e-02 8.148557e-02
4.704000e+00 1.312494e-01 1.217970e-01 -6.285114e-03 -8.946766e-03 8.016317e-02 8.433356e-02
4.720000e+00 1.332097e-01 1.225171e-01 -6.430216e-03 -9.068882e-03 8.155337e-02 8.688717e-02
4.736000e+00 1.351884e-01 1.236712e-01 -6.575660e-03 -9.090277e-03 8.298683e-02 8.959159e-02
4.752000e+00 1.371841e-01 1.247327e-01 -6.719960e-03 -9.018708e-03 8.445710e-02 9.189167e-02
4.768000e+00 1.391896e-01 1.253429e-01 -6.869763e-03 -9.362726e-03 8.596649e-02 9.433696e-02
4.784000e+00 1.412156e-01 1.266269e-01 -7.018085e-03 -9.270133e-03 8.751882e-02 9.702045e-02
4.800000e+00 1.432586e-01 1.276823e-01 -7.165454e-03 -9.210518e-03 8.911071e-02 9.949335e-02
4.816000e+00 1.453143e-01 1.284864e-01 -7.318137e-03 -9.542720e-03 9.074298e-02 1.020171e-01
4.832000e+00 1.473890e-01 1.296634e-01 -7.469128e-03 -9.436923e-03 9.241575e-02 1.045476e-01
4.848000e+00 1.494823e-01 1.308361e-01 -7.618074e-03 -9.309120e-03 9.412934e-02 1.070995e-01
4.864000e+00 1.515929e-01 1.319083e-01 -7.771203e-03 -9.570598e-03 9.588456e-02 1.097011e-01
4.880000e+00 1.537207e-01 1.329865e-01 -7.926398e-03 -9.699639e-03 9.768462e-02 1.125041e-01
4.896000e+00 1.558694e-01 1.342948e-01 -8.078870e-03 -9.529501e-03 9.952578e-02 1.150721e-01
4.912000e+00 1.580386e-01 1.355794e-01 -8.231980e-03 -9.569398e-03 1.014118e-01 1.178762e-01
4.928000e+00 1.602303e-01 1.369769e-01 -8.388578e-03 -9.787403e-03 1.033431e-01 1.207042e-01
4.944000e+00 1.624444e-01 1.383825e-01 -8.544742e-03 -9.760235e-03 1.053193e-01 1.235138e-01
4.960000e+00 1.646833e-01 1.399347e-01 -8.698632e-03 -9.618114e-03 1.073419e-01 1.264166e-01
4.976000e+00 1.669479e-01 1.415359e-01 -8.854215e-03 -9.723961e-03 1.094140e-01 1.295043e-01
4.992000e+00 1.692390e-01 1.431930e-01 -9.012538e-03 -9.895196e-03 1.115359e-01 1.326185e-01
5.008000e+00 1.715537e-01 1.446698e-01 -9.169500e-03 -9.810096e-03 1.137090e-01 1.358185e-01
5.024000e+00 1.738961e-01 1.463957e-01 -9.324569e-03 -9.691838e-03 1.159369e-01 1.392400e-01
5.040000e+00 1.762743e-01 1.486384e-01 -9.481986e-03 -9.838528e-03 1.182213e-01 1.427751e-01
5.056000e+00 1.786876e-01 1.508344e-01 -9.641932e-03 -9.996662e-03 1.205660e-01 1.465442e-01
5.072000e+00 1.811291e-01 1.525896e-01 -9.800723e-03 -9.924381e-03 1.229683e-01 1.501458e-01
5.088000e+00 1.836031e-01 1.546295e-01 -9.959774e-03 -9.940737e-03 1.254377e-01 1.543381e-01
5.104000e+00 1.861183e-01 1.571958e-01 -1.012010e-02 -1.002041e-02 1.279744e-01 1.585456e-01
5.120000e+00 1.886805e-01 1.601377e-01 -1.027999e-02 -9.993290e-03 1.305828e-01 1.630252e-01
5.136000e+00 1.912856e-01 1.628233e-01 -1.043788e-02 -9.868078e-03 1.332628e-01 1.674962e-01
5.152000e+00 1.939265e-01 1.650536e-01 -1.059697e-02 -9.942939e-03 1.360186e-01 1.722421e-01
5.168000e+00 1.966082e-01 1.676077e-01 -1.075979e-02 -1.017628e-02 1.388553e-01 1.772932e-01
5.184000e+00 1.993383e-01 1.706305e-01 -1.092390e-02 -1.025687e-02 1.417775e-01 1.826347e-01
5.200000e+00 2.021211e-01 1.739240e-01 -1.108515e-02 -1.007828e-02 1.447860e-01 1.880289e-01
5.216000e+00 2.049553e-01 1.771401e-01 -1.124268e-02 -9.845729e-03 1.478833e-01 1.935824e-01
5.232000e+00 2.078407e-01 1.803343e-01 -1.139992e-02 -9.827068e-03 1.510756e-01 1.995204e-01
5.248000e+00 2.107837e-01 1.839368e-01 -1.155966e-02 -9.984143e-03 1.543660e-01 2.056530e-01
5.264000e+00 2.137869e-01 1.876998e-01 -1.172036e-02 -1.004332e-02 1.577564e-01 2.118997e-01
5.280000e+00 2.168481e-01 1.913245e-01 -1.187980e-02 -9.965394e-03 1.612541e-01 2.186009e-01
5.296000e+00 2.199674e-01 1.949610e-01 -1.203757e-02 -9.860679e-03 1.648623e-01 2.255164e-01
5.312000e+00 2.231505e-01 1.989443e-01 -1.219427e-02 -9.793532e-03 1.685903e-01 2.330007e-01
5.328000e+00 2.264054e-01 2.034261e-01 -1.234999e-02 -9.732367e-03 1.724416e-01 2.407031e-01
5.344000e+00 2.297363e-01 2.081857e-01 -1.249912e-02 -9.320741e-03 1.764228e-01 2.488235e-01
5.360000e+00 2.331461e-01 2.131112e-01 -1.264134e-02 -8.888927e-03 1.805412e-01 2.574048e-01
5.376000e+00 2.366442e-01 2.186292e-01 -1.277860e-02 -8.578423e-03 1.848037e-01 2.664027e-01
5.392000e+00 2.402362e-01 2.245001e-01 -1.291287e-02 -8.392128e-03 1.892212e-01 2.760961e-01
5.408000e+00 2.439370e-01 2.313021e-01 -1.304081e-02 -7.996085e-03 1.938102e-01 2.868086e-01
5.424000e+00 2.477307e-01 2.371080e-01 -1.315914e-02 -7.395861e-03 1.985568e-01 2.966649e-01
5.440000e+00 2.516116e-01 2.425509e-01 -1.326516e-02 -6.625996e-03 2.034693e-01 3.070303e-01
5.456000e+00 2.555761e-01 2.477861e-01 -1.336325e-02 -6.130414e-03 2.085534e-01 3.177583e-01
5.472000e+00 2.596232e-01 2.529416e-01 -1.344810e-02 -5.303572e-03 2.138121e-01 3.286657e-01
5.488000e+00 2.637467e-01 2.577204e-01 -1.351560e-02 -4.218405e-03 2.192411e-01 3.393122e-01
5.504000e+00 2.679305e-01 2.614834e-01 -1.356123e-02 -2.851923e-03 2.248287e-01 3.492296e-01
5.520000e+00 2.721130e-01 2.614091e-01 -1.358006e-02 -1.177053e-03 2.305485e-01 3.574852e-01
5.536000e+00 2.761676e-01 2.534122e-01 -1.357119e-02 5.546982e-04 2.362290e-01 3.550330e-01
5.552000e+00 2.801961e-01 2.517807e-01 -1.353141e-02 2.485938e-03 2.419571e-01 3.580067e-01
5.568000e+00 2.842201e-01 2.514990e-01 -1.344818e-02 5.201988e-03 2.477416e-01 3.615288e-01
5.584000e+00 2.882488e-01 2.517925e-01 -1.331398e-02 8.387630e-03 2.535851e-01 3.652208e-01
5.600000e+00 2.923020e-01 2.533273e-01 -1.311573e-02 1.239046e-02 2.594914e-01 3.691395e-01
5.616000e+00 2.964232e-01 2.575743e-01 -1.281593e-02 1.873743e-02 2.654641e-01 3.732985e-01
5.632000e+00 3.006674e-01 2.652629e-01 -1.236146e-02 2.840432e-02 2.715258e-01 3.788556e-01
5.648000e+00 3.049857e-01 2.698975e-01 -1.178836e-02 3.581873e-02 2.776509e-01 3.828198e-01
5.664000e+00 3.093572e-01 2.732140e-01 -1.110985e-02 4.240709e-02 2.838165e-01 3.853474e-01
5.680000e+00 3.137253e-01 2.730072e-01 -1.034290e-02 4.793458e-02 2.899814e-01 3.853044e-01
5.696000e+00 3.180529e-01 2.704768e-01 -9.514666e-03 5.176429e-02 2.961043e-01 3.826802e-01
5.712000e+00 3.222832e-01 2.643950e-01 -8.663996e-03 5.316693e-02 3.021352e-01 3.769314e-01
5.728000e+00 3.263685e-01 2.553281e-01 -7.872857e-03 4.944616e-02 3.079826e-01 3.654682e-01
5.744000e+00 3.303966e-01 2.517587e-01 -7.104626e-03 4.801442e-02 3.136234e-01 3.525473e-01
5.760000e+00 3.344327e-01 2.522541e-01 -6.308413e-03 4.976332e-02 3.190741e-01 3.406664e-01
5.776000e+00 3.385012e-01 2.542802e-01 -5.474939e-03 5.209213e-02 3.243284e-01 3.283938e-01
5.792000e+00 3.426192e-01 2.573794e-01 -4.606343e-03 5.428726e-02 3.293719e-01 3.152200e-01
5.808000e+00 3.468049e-01 2.616063e-01 -3.702821e-03 5.647008e-02 3.341832e-01 3.007043e-01
5.824000e+00 3.510770e-01 2.670061e-01 -2.768485e-03 5.839604e-02 3.387365e-01 2.845815e-01
5.840000e+00 3.554560e-01 2.736826e-01 -1.808707e-03 5.998614e-02 3.430056e-01 2.668183e-01
5.856000e+00 3.599617e-01 2.816114e-01 -8.264264e-04 6.139251e-02 3.469610e-01 2.472129e-01
5.872000e+00 3.646210e-01 2.912025e-01 1.788642e-04 6.283066e-02 3.505624e-01 2.250874e-01
5.888000e+00 3.694735e-01 3.032799e-01 1.203950e-03 6.406784e-02 3.537616e-01 1.999503e-01
5.904000e+00 3.745986e-01 3.203181e-01 2.249233e-03 6.533021e-02 3.564973e-01 1.709855e-01
5.920000e+00 3.802448e-01 3.528895e-01 3.313631e-03 6.652489e-02 3.585463e-01 1.280582e-01
5.936000e+00 3.863488e-01 3.814988e-01 4.396095e-03 6.765395e-02 3.599719e-01 8.910444e-02
5.952000e+00 3.929335e-01 4.115466e-01 5.494508e-03 6.865087e-02 3.607797e-01 5.048552e-02
5.968000e+00 4.000029e-01 4.418392e-01 6.606441e-03 6.949579e-02 3.609823e-01 1.266120e-02
5.984000e+00 4.075071e-01 4.690129e-01 7.731030e-03 7.028681e-02 3.606362e-01 -2.162739e-02
6.000000e+00 4.153274e-01 4.887669e-01 8.870002e-03 7.118575e-02 3.598548e-01 -4.884308e-02
6.016000e+00 4.227369e-01 4.630942e-01 1.002744e-02 7.233957e-02 3.590093e-01 -5.284180e-02
6.032000e+00 4.291420e-01 4.003150e-01 1.120654e-02 7.369399e-02 3.589921e-01 -1.071102e-03
6.048000e+00 4.353935e-01 3.907230e-01 1.239889e-02 7.452191e-02 3.590776e-01 5.340070e-03
6.064000e+00 4.416131e-01 3.887241e-01 1.360192e-02 7.518908e-02 3.591525e-01 4.684117e-03
6.080000e+00 4.478065e-01 3.870846e-01 1.481325e-02 7.570854e-02 3.592690e-01 7.276366e-03
6.096000e+00 4.540374e-01 3.894305e-01 1.603184e-02 7.616199e-02 3.593806e-01 6.975251e-03
6.112000e+00 4.602528e-01 3.884645e-01 1.725579e-02 7.649685e-02 3.594788e-01 6.143074e-03
6.128000e+00 4.664962e-01 3.902133e-01 1.848558e-02 7.686178e-02 3.595865e-01 6.725403e-03
6.144000e+00 4.727539e-01 3.911070e-01 1.971973e-02 7.713423e-02 3.596767e-01 5.640853e-03
6.160000e+00 4.790447e-01 3.931720e-01 2.095724e-02 7.734463e-02 3.597757e-01 6.185181e-03
6.176000e+00 4.853527e-01 3.942537e-01 2.219523e-02 7.737397e-02 3.598633e-01 5.477005e-03
6.192000e+00 4.917013e-01 3.967873e-01 2.343189e-02 7.729167e-02 3.599525e-01 5.574310e-03
6.208000e+00 4.980691e-01 3.979841e-01 2.466637e-02 7.715467e-02 3.600436e-01 5.691214e-03
6.224000e+00 5.044753e-01 4.003924e-01 2.589855e-02 7.701118e-02 3.601306e-01 5.437959e-03
6.240000e+00 5.109209e-01 4.028484e-01 2.712735e-02 7.680027e-02 3.602220e-01 5.718016e-03
6.256000e+00 5.174065e-01 4.053462e-01 2.834773e-02 7.627387e-02 3.603085e-01 5.402739e-03
6.272000e+00 5.239566e-01 4.093820e-01 2.955244e-02 7.529441e-02 3.603874e-01 4.933686e-03
6.288000e+00 5.305756e-01 4.136861e-01 3.073515e-02 7.391912e-02 3.604584e-01 4.438401e-03
6.304000e+00 5.372675e-01 4.182463e-01 3.189234e-02 7.232463e-02 3.605173e-01 3.680152e-03
6.320000e+00 5.440460e-01 4.236560e-01 3.302032e-02 7.049821e-02 3.605669e-01 3.096195e-03
6.336000e+00 5.509029e-01 4.285593e-01 3.411665e-02 6.852077e-02 3.606147e-01 2.990050e-03
6.352000e+00 5.578261e-01 4.326980e-01 3.517845e-02 6.636257e-02 3.606622e-01 2.969706e-03
6.368000e+00 5.648030e-01 4.360567e-01 3.620784e-02 6.433713e-02 3.607152e-01 3.311955e-03
6.384000e+00 5.718167e-01 4.383538e-01 3.721100e-02 6.269752e-02 3.607816e-01 4.152066e-03
6.400000e+00 5.788561e-01 4.399644e-01 3.818788e-02 6.105463e-02 3.608656e-01 5.250196e-03
6.416000e+00 5.859183e-01 4.413894e-01 3.913747e-02 5.934936e-02 3.609704e-01 6.549863e-03
6.432000e+00 5.929997e-01 4.425856e-01 4.005970e-02 5.763986e-02 3.611020e-01 8.220526e-03
6.448000e+00 6.000959e-01 4.435099e-01 4.095405e-02 5.589668e-02 3.612642e-01 1.014201e-02
6.464000e+00 6.072006e-01 4.440490e-01 4.182100e-02 5.418446e-02 3.614568e-01 1.203713e-02
6.480000e+00 6.143093e-01 4.442915e-01 4.265834e-02 5.233377e-02 3.616808e-01 1.399581e-02
6.496000e+00 6.214121e-01 4.439270e-01 4.346536e-02 5.043837e-02 3.619410e-01 1.626233e-02
6.512000e+00 6.285094e-01 4.435776e-01 4.424226e-02 4.855613e-02 3.622423e-01 1.883054e-02
6.528000e+00 6.355970e-01 4.429754e-01 4.498864e-02 4.664925e-02 3.625848e-01 2.141127e-02
6.544000e+00 6.426775e-01 4.425343e-01 4.570412e-02 4.471719e-02 3.629737e-01 2.430283e-02
6.560000e+00 6.497550e-01 4.423389e-01 4.638664e-02 4.265764e-02 3.634136e-01 2.749541e-02
6.576000e+00 6.568190e-01 4.415005e-01 4.703739e-02 4.067152e-02 3.639082e-01 3.091276e-02
6.592000e+00 6.638724e-01 4.408392e-01 4.765395e-02 3.853540e-02 3.644603e-01 3.450469e-02
6.608000e+00 6.709190e-01 4.404099e-01 4.823815e-02 3.651212e-02 3.650730e-01 3.829311e-02
6.624000e+00 6.779565e-01 4.398470e-01 4.878972e-02 3.447328e-02 3.657500e-01 4.231399e-02
6.640000e+00 6.849862e-01 4.393567e-01 4.930976e-02 3.250266e-02 3.664974e-01 4.671475e-02
6.656000e+00 6.920039e-01 4.386025e-01 4.979930e-02 3.059616e-02 3.673214e-01 5.149797e-02
6.672000e+00 6.990155e-01 4.382291e-01 5.025863e-02 2.870825e-02 3.682317e-01 5.689114e-02
6.688000e+00 7.060138e-01 4.373937e-01 5.068679e-02 2.676015e-02 3.692381e-01 6.290311e-02
6.704000e+00 7.129962e-01 4.364005e-01 5.108491e-02 2.488200e-02 3.703505e-01 6.952450e-02
6.720000e+00 7.199560e-01 4.349852e-01 5.145378e-02 2.305453e-02 3.715709e-01 7.627741e-02
6.736000e+00 7.268963e-01 4.337706e-01 5.179399e-02 2.126346e-02 3.728976e-01 8.291329e-02
6.752000e+00 7.338109e-01 4.321644e-01 5.210648e-02 1.953060e-02 3.743346e-01 8.981773e-02
6.768000e+00 7.406888e-01 4.298629e-01 5.238911e-02 1.766433e-02 3.758920e-01 9.733606e-02
6.784000e+00 7.475126e-01 4.264907e-01 5.263683e-02 1.548236e-02 3.775840e-01 1.057508e-01
6.800000e+00 7.542754e-01 4.226725e-01 5.285382e-02 1.356183e-02 3.794120e-01 1.142466e-01
6.816000e+00 7.609719e-01 4.185348e-01 5.304320e-02 1.183630e-02 3.813778e-01 1.228636e-01
6.832000e+00 7.675899e-01 4.136257e-01 5.320155e-02 9.896914e-03 3.834887e-01 1.319299e-01
6.848000e+00 7.741106e-01 4.075444e-01 5.333496e-02 8.337800e-03 3.857649e-01 1.422663e-01
6.864000e+00 7.804750e-01 3.977731e-01 5.346091e-02 7.872000e-03 3.882589e-01 1.558722e-01
6.880000e+00 7.866010e-01 3.828765e-01 5.355162e-02 5.669720e-03 3.910558e-01 1.748065e-01
6.896000e+00 7.925150e-01 3.696213e-01 5.352145e-02 -1.885811e-03 3.942599e-01 2.002538e-01
6.912000e+00 7.983592e-01 3.652671e-01 5.319330e-02 -2.050937e-02 3.980532e-01 2.370867e-01
6.928000e+00 8.039283e-01 3.480671e-01 5.270978e-02 -3.021971e-02 4.024753e-01 2.763754e-01
6.944000e+00 8.086256e-01 2.935804e-01 5.257282e-02 -8.560501e-03 4.074203e-01 3.090676e-01
6.960000e+00 8.127155e-01 2.556168e-01 5.266509e-02 5.766812e-03 4.125464e-01 3.203772e-01
6.976000e+00 8.159973e-01 2.051150e-01 5.324396e-02 3.617978e-02 4.174245e-01 3.048858e-01
6.992000e+00 8.182033e-01 1.378721e-01 5.463858e-02 8.716385e-02 4.215827e-01 2.598875e-01
7.008000e+00 8.201344e-01 1.206936e-01 5.622687e-02 9.926792e-02 4.249477e-01 2.103116e-01
7.024000e+00 8.222396e-01 1.315776e-01 5.758932e-02 8.515289e-02 4.277654e-01 1.761077e-01
7.040000e+00 8.250443e-01 1.752906e-01 5.826867e-02 4.245968e-02 4.303070e-01 1.588499e-01
7.056000e+00 8.283535e-01 2.068295e-01 5.833970e-02 4.439243e-03 4.330078e-01 1.687968e-01
7.072000e+00 8.317243e-01 2.106700e-01 5.820067e-02 -8.689352e-03 4.358500e-01 1.776373e-01
7.088000e+00 8.352445e-01 2.200134e-01 5.795100e-02 -1.560412e-02 4.386051e-01 1.721933e-01
7.104000e+00 8.388272e-01 2.239211e-01 5.764045e-02 -1.940990e-02 4.413159e-01 1.694269e-01
7.120000e+00 8.424311e-01 2.252461e-01 5.729205e-02 -2.177491e-02 4.439889e-01 1.670628e-01
7.136000e+00 8.460472e-01 2.260006e-01 5.691414e-02 -2.361910e-02 4.466372e-01 1.655157e-01
7.152000e+00 8.496552e-01 2.255048e-01 5.652337e-02 -2.442318e-02 4.492598e-01 1.639147e-01
7.168000e+00 8.532768e-01 2.263465e-01 5.611220e-02 -2.569791e-02 4.518546e-01 1.621752e-01
7.184000e+00 8.568979e-01 2.263212e-01 5.569623e-02 -2.599856e-02 4.544210e-01 1.603986e-01
7.200000e+00 8.605148e-01 2.260563e-01 5.527287e-02 -2.645966e-02 4.569600e-01 1.586910e-01
7.216000e+00 8.641013e-01 2.241584e-01 5.485479e-02 -2.613038e-02 4.594805e-01 1.575277e-01
7.232000e+00 8.676561e-01 2.221711e-01 5.443681e-02 -2.612379e-02 4.619896e-01 1.568206e-01
7.248000e+00 8.711750e-01 2.199327e-01 5.402391e-02 -2.580600e-02 4.644988e-01 1.568238e-01
7.264000e+00 8.746565e-01 2.175913e-01 5.362172e-02 -2.513676e-02 4.670165e-01 1.573535e-01
7.280000e+00 8.781007e-01 2.152662e-01 5.323276e-02 -2.431003e-02 4.695455e-01 1.580656e-01
7.296000e+00 8.815092e-01 2.130314e-01 5.286328e-02 -2.309247e-02 4.720868e-01 1.588316e-01
7.312000e+00 8.848793e-01 2.106278e-01 5.251526e-02 -2.175152e-02 4.746557e-01 1.605572e-01
7.328000e+00 8.882167e-01 2.085915e-01 5.218255e-02 -2.079401e-02 4.772592e-01 1.627153e-01
7.344000e+00 8.915129e-01 2.060085e-01 5.186389e-02 -1.991618e-02 4.798987e-01 1.649698e-01
7.360000e+00 8.947646e-01 2.032342e-01 5.156545e-02 -1.865255e-02 4.825815e-01 1.676759e-01
7.376000e+00 8.979607e-01 1.997524e-01 5.127591e-02 -1.809626e-02 4.853112e-01 1.706059e-01
7.392000e+00 9.010072e-01 1.904117e-01 5.094140e-02 -2.090713e-02 4.880659e-01 1.721699e-01
7.408000e+00 9.037023e-01 1.684381e-01 5.050424e-02 -2.732226e-02 4.907809e-01 1.696841e-01
7.424000e+00 9.058946e-01 1.370213e-01 5.007844e-02 -2.661270e-02 4.934170e-01 1.647567e-01
7.440000e+00 9.075391e-01 1.027783e-01 4.966981e-02 -2.553909e-02 4.959242e-01 1.567006e-01
7.456000e+00 9.085642e-01 6.406887e-02 4.928925e-02 -2.378555e-02 4.982287e-01 1.440313e-01
7.472000e+00 9.088565e-01 1.827372e-02 4.887991e-02 -2.558321e-02 5.002115e-01 1.239242e-01
7.488000e+00 9.086366e-01 -1.374284e-02 4.837347e-02 -3.165288e-02 5.019264e-01 1.071812e-01
7.504000e+00 9.083448e-01 -1.824114e-02 4.794839e-02 -2.656767e-02 5.034748e-01 9.677821e-02
7.520000e+00 9.081622e-01 -1.141113e-02 4.762246e-02 -2.037029e-02 5.048596e-01 8.655173e-02
7.536000e+00 9.080855e-01 -4.792879e-03 4.730708e-02 -1.971142e-02 5.060934e-01 7.711300e-02
7.552000e+00 9.080434e-01 -2.635160e-03 4.700697e-02 -1.875653e-02 5.071894e-01 6.849628e-02
7.568000e+00 9.078963e-01 -9.194379e-03 4.672382e-02 -1.769681e-02 5.080440e-01 5.341363e-02
7.584000e+00 9.080935e-01 1.232499e-02 4.649226e-02 -1.447255e-02 5.089868e-01 5.892208e-02
7.600000e+00 9.084516e-01 2.238145e-02 4.629177e-02 -1.253084e-02 5.099607e-01 6.087017e-02
7.616000e+00 9.088672e-01 2.598063e-02 4.611172e-02 -1.125304e-02 5.108982e-01 5.859507e-02
7.632000e+00 9.093344e-01 2.919928e-02 4.595569e-02 -9.752228e-03 5.118003e-01 5.637835e-02
7.648000e+00 9.099108e-01 3.602232e-02 4.582912e-02 -7.910082e-03 5.127167e-01 5.727502e-02
7.664000e+00 9.106026e-01 4.323784e-02 4.573232e-02 -6.050340e-03 5.136546e-01 5.862087e-02
7.680000e+00 9.114295e-01 5.167934e-02 4.564956e-02 -5.172409e-03 5.145979e-01 5.895913e-02
7.696000e+00 9.122657e-01 5.226296e-02 4.556800e-02 -5.097483e-03 5.155472e-01 5.933029e-02
7.712000e+00 9.130494e-01 4.898008e-02 4.549053e-02 -4.842012e-03 5.165111e-01 6.024365e-02
7.728000e+00 9.137472e-01 4.361345e-02 4.542614e-02 -4.024539e-03 5.174932e-01 6.138267e-02
7.744000e+00 9.143704e-01 3.895164e-02 4.537167e-02 -3.404169e-03 5.185018e-01 6.303228e-02
7.760000e+00 9.149295e-01 3.494459e-02 4.533602e-02 -2.228150e-03 5.195474e-01 6.535006e-02
7.776000e+00 9.154690e-01 3.371837e-02 4.530899e-02 -1.689004e-03 5.206399e-01 6.828539e-02
7.792000e+00 9.160593e-01 3.689326e-02 4.525970e-02 -3.081048e-03 5.217686e-01 7.054091e-02
7.808000e+00 9.166361e-01 3.604746e-02 4.517846e-02 -5.077163e-03 5.229282e-01 7.247654e-02
7.824000e+00 9.171939e-01 3.486386e-02 4.507004e-02 -6.776493e-03 5.241165e-01 7.427122e-02
7.840000e+00 9.177219e-01 3.300291e-02 4.493127e-02 -8.673093e-03 5.253345e-01 7.612330e-02
7.856000e+00 9.181896e-01 2.923135e-02 4.476902e-02 -1.014067e-02 5.265877e-01 7.832479e-02
7.872000e+00 9.186544e-01 2.905092e-02 4.460142e-02 -1.047492e-02 5.278889e-01 8.132511e-02
7.888000e+00 9.191458e-01 3.071111e-02 4.445094e-02 -9.405253e-03 5.292445e-01 8.472124e-02
7.904000e+00 9.195929e-01 2.794159e-02 4.430994e-02 -8.812195e-03 5.306269e-01 8.640145e-02
7.920000e+00 9.199972e-01 2.527301e-02 4.418726e-02 -7.667577e-03 5.320298e-01 8.768038e-02
7.936000e+00 9.203223e-01 2.031610e-02 4.406646e-02 -7.550025e-03 5.334231e-01 8.708289e-02
7.952000e+00 9.205548e-01 1.453029e-02 4.396267e-02 -6.486768e-03 5.347959e-01 8.579880e-02
7.968000e+00 9.207377e-01 1.142973e-02 4.387440e-02 -5.517048e-03 5.361578e-01 8.512059e-02
7.984000e+00 9.209393e-01 1.259996e-02 4.379004e-02 -5.272628e-03 5.375236e-01 8.536015e-02
8.000000e+00 9.211768e-01 1.484684e-02 4.370309e-02 -5.433923e-03 5.388959e-01 8.577054e-02
8.016000e+00 9.214256e-01 1.555131e-02 4.362056e-02 -5.158519e-03 5.402717e-01 8.598832e-02
8.032000e+00 9.216699e-01 1.526441e-02 4.353964e-02 -5.057592e-03 5.416414e-01 8.560752e-02
8.048000e+00 9.219079e-01 1.487406e-02 4.346185e-02 -4.861908e-03 5.430043e-01 8.518241e-02
8.064000e+00 9.221376e-01 1.436000e-02 4.338598e-02 -4.741557e-03 5.443625e-01 8.488262e-02
8.080000e+00 9.223542e-01 1.353686e-02 4.331277e-02 -4.575890e-03 5.457164e-01 8.462087e-02
8.096000e+00 9.225499e-01 1.223371e-02 4.324339e-02 -4.335732e-03 5.470626e-01 8.413842e-02
8.112000e+00 9.227246e-01 1.091454e-02 4.317939e-02 -4.000235e-03 5.483978e-01 8.344713e-02
8.128000e+00 9.228921e-01 1.047139e-02 4.311361e-02 -4.111065e-03 5.497246e-01 8.292786e-02
8.144000e+00 9.230586e-01 1.040583e-02 4.304767e-02 -4.121745e-03 5.510456e-01 8.256155e-02
8.160000e+00 9.232101e-01 9.466003e-03 4.297544e-02 -4.514189e-03 5.523623e-01 8.229601e-02
8.176000e+00 9.233438e-01 8.361428e-03 4.289968e-02 -4.734674e-03 5.536818e-01 8.246882e-02
8.192000e+00 9.234666e-01 7.673254e-03 4.282701e-02 -4.542047e-03 5.549914e-01 8.184455e-02
8.208000e+00 9.235821e-01 7.219505e-03 4.275991e-02 -4.194085e-03 5.562870e-01 8.097665e-02
8.224000e+00 9.236940e-01 6.990403e-03 4.270496e-02 -3.434078e-03 5.575680e-01 8.006363e-02
8.240000e+00 9.238068e-01 7.052241e-03 4.266967e-02 -2.205643e-03 5.588355e-01 7.922013e-02
8.256000e+00 9.239124e-01 6.600011e-03 4.265384e-02 -9.895551e-04 5.600796e-01 7.775767e-02
8.272000e+00 9.240115e-01 6.194025e-03 4.265620e-02 1.476673e-04 5.613059e-01 7.664278e-02
8.288000e+00 9.241116e-01 6.252928e-03 4.270031e-02 2.756687e-03 5.625218e-01 7.599518e-02
8.304000e+00 9.242111e-01 6.223621e-03 4.279118e-02 5.679247e-03 5.637215e-01 7.497951e-02
8.320000e+00 9.243135e-01 6.397535e-03 4.292019e-02 8.063344e-03 5.649021e-01 7.378329e-02
8.336000e+00 9.244126e-01 6.191161e-03 4.307282e-02 9.539652e-03 5.660653e-01 7.270536e-02
8.352000e+00 9.244983e-01 5.360115e-03 4.324075e-02 1.049525e-02 5.672070e-01 7.135510e-02
8.368000e+00 9.245788e-01 5.026901e-03 4.342524e-02 1.153096e-02 5.683292e-01 7.013560e-02
8.384000e+00 9.246444e-01 4.100057e-03 4.362316e-02 1.237007e-02 5.694334e-01 6.901143e-02
8.400000e+00 9.246974e-01 3.315287e-03 4.382729e-02 1.275786e-02 5.705144e-01 6.756465e-02
8.416000e+00 9.247404e-01 2.686093e-03 4.401090e-02 1.147554e-02 5.715656e-01 6.569870e-02
8.432000e+00 9.247677e-01 1.709976e-03 4.416524e-02 9.646498e-03 5.725801e-01 6.340829e-02
8.448000e+00 9.247997e-01 1.999563e-03 4.428520e-02 7.497054e-03 5.735677e-01 6.172636e-02
8.464000e+00 9.248354e-01 2.228581e-03 4.437947e-02 5.891940e-03 5.745380e-01 6.064334e-02
8.480000e+00 9.248813e-01 2.867568e-03 4.445275e-02 4.580369e-03 5.754931e-01 5.969276e-02
8.496000e+00 9.249327e-01 3.215916e-03 4.451491e-02 3.885078e-03 5.764350e-01 5.886563e-02
8.512000e+00 9.249688e-01 2.256773e-03 4.455752e-02 2.662739e-03 5.773742e-01 5.870100e-02
8.528000e+00 9.249733e-01 2.820071e-04 4.452150e-02 -2.251205e-03 5.783370e-01 6.017333e-02
8.544000e+00 9.249208e-01 -3.282730e-03 4.439173e-02 -8.110556e-03 5.793497e-01 6.329609e-02
8.560000e+00 9.248828e-01 -2.377640e-03 4.427768e-02 -7.128332e-03 5.803474e-01 6.235790e-02
8.576000e+00 9.248839e-01 6.853830e-05 4.422158e-02 -3.505789e-03 5.813072e-01 5.998513e-02
8.592000e+00 9.249068e-01 1.431921e-03 4.420527e-02 -1.019758e-03 5.822388e-01 5.822434e-02
8.608000e+00 9.249360e-01 1.824319e-03 4.420440e-02 -5.448629e-05 5.831541e-01 5.720878e-02
8.624000e+00 9.249709e-01 2.179920e-03 4.421317e-02 5.487271e-04 5.840597e-01 5.659860e-02
8.640000e+00 9.250211e-01 3.141410e-03 4.423836e-02 1.574292e-03 5.849510e-01 5.570515e-02
8.656000e+00 9.250786e-01 3.595262e-03 4.427900e-02 2.539522e-03 5.858300e-01 5.493904e-02
8.672000e+00 9.251483e-01 4.356416e-03 4.432846e-02 3.091693e-03 5.867018e-01 5.448888e-02
8.688000e+00 9.252190e-01 4.418777e-03 4.438894e-02 3.779999e-03 5.875634e-01 5.384953e-02
8.704000e+00 9.252994e-01 5.019747e-03 4.447133e-02 5.149411e-03 5.884063e-01 5.267743e-02
8.720000e+00 9.254057e-01 6.648520e-03 4.457320e-02 6.366817e-03 5.892385e-01 5.201678e-02
8.736000e+00 9.254948e-01 5.566838e-03 4.467348e-02 6.267641e-03 5.900467e-01 5.051339e-02
8.752000e+00 9.255871e-01 5.770064e-03 4.478462e-02 6.946146e-03 5.908277e-01 4.880745e-02
8.768000e+00 9.257057e-01 7.411384e-03 4.491229e-02 7.978951e-03 5.915864e-01 4.742031e-02
8.784000e+00 9.258535e-01 9.234840e-03 4.505776e-02 9.091960e-03 5.923242e-01 4.611250e-02
8.800000e+00 9.260061e-01 9.539544e-03 4.520817e-02 9.400857e-03 5.930541e-01 4.561756e-02
8.816000e+00 9.261285e-01 7.651031e-03 4.533982e-02 8.228068e-03 5.938051e-01 4.693994e-02
8.832000e+00 9.262089e-01 5.021164e-03 4.545920e-02 7.461046e-03 5.945902e-01 4.906728e-02
8.848000e+00 9.262906e-01 5.109221e-03 4.559062e-02 8.213849e-03 5.953588e-01 4.803750e-02
8.864000e+00 9.263815e-01 5.683680e-03 4.572963e-02 8.688303e-03 5.961091e-01 4.689448e-02
8.880000e+00 9.264742e-01 5.788437e-03 4.587444e-02 9.050832e-03 5.968494e-01 4.626877e-02
8.896000e+00 9.265555e-01 5.081731e-03 4.602278e-02 9.271205e-03 5.975786e-01 4.557714e-02
8.912000e+00 9.266252e-01 4.355673e-03 4.617923e-02 9.778114e-03 5.983020e-01 4.520983e-02
8.928000e+00 9.266844e-01 3.700010e-03 4.633616e-02 9.807668e-03 5.990233e-01 4.508342e-02
8.944000e+00 9.267397e-01 3.456684e-03 4.649863e-02 1.015448e-02 5.997359e-01 4.453750e-02
8.960000e+00 9.267899e-01 3.137127e-03 4.666606e-02 1.046422e-02 6.004346e-01 4.366940e-02
8.976000e+00 9.268514e-01 3.845911e-03 4.683860e-02 1.078392e-02 6.011243e-01 4.310492e-02
8.992000e+00 9.269174e-01 4.123595e-03 4.701167e-02 1.081721e-02 6.018031e-01 4.242667e-02
9.008000e+00 9.269878e-01 4.402875e-03 4.719306e-02 1.133671e-02 6.024686e-01 4.159129e-02
9.024000e+00 9.270630e-01 4.697940e-03 4.737883e-02 1.161045e-02 6.031258e-01 4.107351e-02
9.040000e+00 9.271377e-01 4.667534e-03 4.757574e-02 1.230702e-02 6.037790e-01 4.082583e-02
9.056000e+00 9.272135e-01 4.742615e-03 4.778066e-02 1.280749e-02 6.044277e-01 4.054749e-02
9.072000e+00 9.272898e-01 4.763201e-03 4.799356e-02 1.330646e-02 6.050675e-01 3.998685e-02
9.088000e+00 9.273601e-01 4.396929e-03 4.821366e-02 1.375588e-02 6.056989e-01 3.945772e-02
9.104000e+00 9.274345e-01 4.651464e-03 4.844556e-02 1.449387e-02 6.063253e-01 3.915474e-02
9.120000e+00 9.275117e-01 4.825959e-03 4.868808e-02 1.515760e-02 6.069518e-01 3.915511e-02
9.136000e+00 9.275925e-01 5.048302e-03 4.894377e-02 1.598023e-02 6.075756e-01 3.898409e-02
9.152000e+00 9.276814e-01 5.558124e-03 4.920703e-02 1.645412e-02 6.081976e-01 3.887625e-02
9.168000e+00 9.277789e-01 6.091745e-03 4.948228e-02 1.720273e-02 6.088214e-01 3.898751e-02
9.184000e+00 9.278815e-01 6.412902e-03 4.976554e-02 1.770387e-02 6.094514e-01 3.937658e-02
9.200000e+00 9.280003e-01 7.425581e-03 5.006003e-02 1.840562e-02 6.100869e-01 3.972150e-02
9.216000e+00 9.281345e-01 8.385374e-03 5.036062e-02 1.878690e-02 6.107312e-01 4.026657e-02
9.232000e+00 9.282934e-01 9.932528e-03 5.066690e-02 1.914262e-02 6.113930e-01 4.136052e-02
9.248000e+00 9.285050e-01 1.322535e-02 5.096502e-02 1.863263e-02 6.120844e-01 4.321565e-02
9.264000e+00 9.287538e-01 1.555172e-02 5.125977e-02 1.842189e-02 6.127913e-01 4.418041e-02
9.280000e+00 9.290408e-01 1.793147e-02 5.155301e-02 1.832767e-02 6.135134e-01 4.512995e-02
9.296000e+00 9.293588e-01 1.987855e-02 5.183803e-02 1.781377e-02 6.142452e-01 4.574010e-02
9.312000e+00 9.297125e-01 2.210518e-02 5.212056e-02 1.765776e-02 6.149830e-01 4.610868e-02
9.328000e+00 9.301020e-01 2.434608e-02 5.239272e-02 1.700991e-02 6.157166e-01 4.585120e-02
9.344000e+00 9.305239e-01 2.636391e-02 5.265749e-02 1.654851e-02 6.164378e-01 4.507679e-02
9.360000e+00 9.309617e-01 2.736328e-02 5.291476e-02 1.607926e-02 6.171392e-01 4.383307e-02
9.376000e+00 9.313931e-01 2.696408e-02 5.316493e-02 1.563525e-02 6.178120e-01 4.205015e-02
9.392000e+00 9.317774e-01 2.401788e-02 5.342002e-02 1.594339e-02 6.184444e-01 3.952946e-02
9.408000e+00 9.321132e-01 2.098591e-02 5.367872e-02 1.616903e-02 6.190430e-01 3.740966e-02
9.424000e+00 9.324354e-01 2.013929e-02 5.392818e-02 1.559080e-02 6.196201e-01 3.606785e-02
9.440000e+00 9.327443e-01 1.930449e-02 5.417124e-02 1.519155e-02 6.201800e-01 3.499549e-02
9.456000e+00 9.330485e-01 1.901748e-02 5.440638e-02 1.469635e-02 6.207238e-01 3.398510e-02
9.472000e+00 9.333505e-01 1.887268e-02 5.463328e-02 1.418121e-02 6.212566e-01 3.330435e-02
9.488000e+00 9.336530e-01 1.890442e-02 5.485578e-02 1.390635e-02 6.217857e-01 3.306576e-02
9.504000e+00 9.339471e-01 1.838554e-02 5.507617e-02 1.377417e-02 6.223082e-01 3.265514e-02
9.520000e+00 9.342287e-01 1.760064e-02 5.530159e-02 1.408860e-02 6.228159e-01 3.173236e-02
9.536000e+00 9.344943e-01 1.659968e-02 5.553276e-02 1.444804e-02 6.233110e-01 3.094574e-02
9.552000e+00 9.347502e-01 1.599329e-02 5.577044e-02 1.485523e-02 6.237952e-01 3.026287e-02
9.568000e+00 9.349908e-01 1.503666e-02 5.601663e-02 1.538710e-02 6.242666e-01 2.946054e-02
9.584000e+00 9.352228e-01 1.449578e-02 5.626436e-02 1.548258e-02 6.247288e-01 2.888572e-02
9.600000e+00 9.354384e-01 1.347820e-02 5.652202e-02 1.610387e-02 6.251818e-01 2.831679e-02
9.616000e+00 9.356398e-01 1.258443e-02 5.678597e-02 1.649702e-02 6.256225e-01 2.754156e-02
9.632000e+00 9.358222e-01 1.140238e-02 5.705843e-02 1.702879e-02 6.260527e-01 2.688585e-02
9.648000e+00 9.359825e-01 1.001733e-02 5.733965e-02 1.757633e-02 6.264763e-01 2.647731e-02
9.664000e+00 9.361221e-01 8.728874e-03 5.762743e-02 1.798608e-02 6.268942e-01 2.611983e-02
9.680000e+00 9.362545e-01 8.271000e-03 5.791058e-02 1.769661e-02 6.273097e-01 2.596598e-02
9.696000e+00 9.363867e-01 8.266040e-03 5.818129e-02 1.691971e-02 6.277192e-01 2.559759e-02
9.712000e+00 9.365068e-01 7.504011e-03 5.843690e-02 1.597556e-02 6.281251e-01 2.536791e-02
9.728000e+00 9.366013e-01 5.909194e-03 5.867786e-02 1.505986e-02 6.285258e-01 2.504369e-02
9.744000e+00 9.366607e-01 3.712284e-03 5.890266e-02 1.404988e-02 6.289235e-01 2.485349e-02
9.760000e+00 9.366792e-01 1.153030e-03 5.911162e-02 1.306020e-02 6.293161e-01 2.453678e-02
9.776000e+00 9.366494e-01 -1.861154e-03 5.930955e-02 1.237081e-02 6.297072e-01 2.444298e-02
9.792000e+00 9.365637e-01 -5.357956e-03 5.949396e-02 1.152583e-02 6.300965e-01 2.433422e-02
9.808000e+00 9.364121e-01 -9.470262e-03 5.965966e-02 1.035606e-02 6.304875e-01 2.443708e-02
9.824000e+00 9.361955e-01 -1.354259e-02 5.980206e-02 8.900053e-03 6.308809e-01 2.458588e-02
9.840000e+00 9.359228e-01 -1.704363e-02 5.992262e-02 7.534701e-03 6.312753e-01 2.465484e-02
9.856000e+00 9.356114e-01 -1.945844e-02 6.002481e-02 6.387200e-03 6.316696e-01 2.463819e-02
9.872000e+00 9.352691e-01 -2.139631e-02 6.011277e-02 5.497245e-03 6.320704e-01 2.505383e-02
9.888000e+00 9.349092e-01 -2.249453e-02 6.019345e-02 5.042870e-03 6.324799e-01 2.559348e-02
9.904000e+00 9.345411e-01 -2.300772e-02 6.027354e-02 5.005274e-03 6.328991e-01 2.620027e-02
9.920000e+00 9.341728e-01 -2.301302e-02 6.035650e-02 5.185187e-03 6.333299e-01 2.692433e-02
9.936000e+00 9.338103e-01 -2.266222e-02 6.044374e-02 5.452103e-03 6.337784e-01 2.803232e-02
9.952000e+00 9.334553e-01 -2.218601e-02 6.053788e-02 5.884175e-03 6.342436e-01 2.907599e-02
9.968000e+00 9.331022e-01 -2.207000e-02 6.064322e-02 6.583609e-03 6.347188e-01 2.969947e-02
9.984000e+00 9.327528e-01 -2.183679e-02 6.075621e-02 7.061811e-03 6.352046e-01 3.036116e-02
1.000000e+01 9.324062e-01 -2.166229e-02 6.087721e-02 7.562296e-03 6.357039e-01 3.120470e-02
1.001600e+01 9.320630e-01 -2.144661e-02 6.100720e-02 8.124391e-03 6.362124e-01 3.178508e-02
1.003200e+01 9.317181e-01 -2.155503e-02 6.114009e-02 8.305935e-03 6.367288e-01 3.227478e-02
1.004800e+01 9.313770e-01 -2.131900e-02 6.127598e-02 8.492980e-03 6.372539e-01 3.281378e-02
1.006400e+01 9.310356e-01 -2.133801e-02 6.141225e-02 8.517127e-03 6.377911e-01 3.357874e-02
1.008000e+01 9.306938e-01 -2.136740e-02 6.154807e-02 8.488618e-03 6.383377e-01 3.416091e-02
1.009600e+01 9.303508e-01 -2.143300e-02 6.167957e-02 8.218973e-03 6.388955e-01 3.486051e-02
1.011200e+01 9.300032e-01 -2.172700e-02 6.180714e-02 7.972929e-03 6.394662e-01 3.567078e-02
1.012800e+01 9.296519e-01 -2.195671e-02 6.192656e-02 7.463629e-03 6.400530e-01 3.667673e-02
1.014400e+01 9.292930e-01 -2.243076e-02 6.203940e-02 7.052503e-03 6.406541e-01 3.756550e-02
1.016000e+01 9.289281e-01 -2.280625e-02 6.214544e-02 6.627785e-03 6.412722e-01 3.863078e-02
1.017600e+01 9.285594e-01 -2.304123e-02 6.224574e-02 6.268337e-03 6.419067e-01 3.965878e-02
1.019200e+01 9.281899e-01 -2.309746e-02 6.234434e-02 6.162541e-03 6.425539e-01 4.045147e-02
1.020800e+01 9.278205e-01 -2.308523e-02 6.244716e-02 6.426529e-03 6.432070e-01 4.081558e-02
1.022400e+01 9.274462e-01 -2.339699e-02 6.255027e-02 6.444527e-03 6.438671e-01 4.126030e-02
1.024000e+01 9.270676e-01 -2.365742e-02 6.265293e-02 6.416054e-03 6.445336e-01 4.165617e-02
1.025600e+01 9.266946e-01 -2.331592e-02 6.276560e-02 7.042016e-03 6.451915e-01 4.111641e-02
1.027200e+01 9.263284e-01 -2.288628e-02 6.288465e-02 7.440568e-03 6.458443e-01 4.079781e-02
1.028800e+01 9.259525e-01 -2.349168e-02 6.299512e-02 6.904219e-03 6.465115e-01 4.170134e-02
1.030400e+01 9.255688e-01 -2.398669e-02 6.310140e-02 6.642591e-03 6.471927e-01 4.257572e-02
1.032000e+01 9.251832e-01 -2.409486e-02 6.320412e-02 6.419646e-03 6.478805e-01 4.298520e-02
1.033600e+01 9.247926e-01 -2.441669e-02 6.330267e-02 6.159445e-03 6.485767e-01 4.351365e-02
1.035200e+01 9.243908e-01 -2.511169e-02 6.339547e-02 5.800056e-03 6.492814e-01 4.404411e-02
1.036800e+01 9.239577e-01 -2.706810e-02 6.347820e-02 5.170804e-03 6.499917e-01 4.439636e-02
1.038400e+01 9.234947e-01 -2.893926e-02 6.354858e-02 4.398488e-03 6.507087e-01 4.481188e-02
1.040000e+01 9.230032e-01 -3.071851e-02 6.360741e-02 3.676796e-03 6.514395e-01 4.567216e-02
1.041600e+01 9.224871e-01 -3.225699e-02 6.365337e-02 2.872591e-03 6.521762e-01 4.604517e-02
1.043200e+01 9.219523e-01 -3.341957e-02 6.368917e-02 2.237582e-03 6.529230e-01 4.667398e-02
1.044800e+01 9.214095e-01 -3.392901e-02 6.371796e-02 1.799329e-03 6.536802e-01 4.732406e-02
1.046400e+01 9.208728e-01 -3.354248e-02 6.373993e-02 1.373238e-03 6.544521e-01 4.824515e-02
1.048000e+01 9.203412e-01 -3.322623e-02 6.375693e-02 1.062850e-03 6.552338e-01 4.885962e-02
1.049600e+01 9.198094e-01 -3.323460e-02 6.376636e-02 5.892314e-04 6.560300e-01 4.975989e-02
1.051200e+01 9.192760e-01 -3.333624e-02 6.376963e-02 2.044070e-04 6.568375e-01 5.046779e-02
1.052800e+01 9.187420e-01 -3.337704e-02 6.376266e-02 -4.358813e-04 6.576562e-01 5.117046e-02
1.054400e+01 9.182096e-01 -3.327281e-02 6.374989e-02 -7.981248e-04 6.584840e-01 5.173587e-02
1.056000e+01 9.176716e-01 -3.363057e-02 6.372697e-02 -1.432279e-03 6.593192e-01 5.220124e-02
1.057600e+01 9.171278e-01 -3.398455e-02 6.369642e-02 -1.909439e-03 6.601623e-01 5.269204e-02
1.059200e+01 9.165748e-01 -3.456274e-02 6.365754e-02 -2.429986e-03 6.610081e-01 5.286384e-02
1.060800e+01 9.160157e-01 -3.494389e-02 6.361108e-02 -2.903680e-03 6.618581e-01 5.312500e-02
1.062400e+01 9.154488e-01 -3.543186e-02 6.355632e-02 -3.422713e-03 6.627088e-01 5.316895e-02
1.064000e+01 9.148737e-01 -3.594242e-02 6.349529e-02 -3.814471e-03 6.635594e-01 5.315960e-02
1.065600e+01 9.142918e-01 -3.636649e-02 6.342862e-02 -4.166999e-03 6.644039e-01 5.278635e-02
1.067200e+01 9.137050e-01 -3.667588e-02 6.335463e-02 -4.624286e-03 6.652432e-01 5.245475e-02
1.068800e+01 9.131161e-01 -3.680896e-02 6.327600e-02 -4.914024e-03 6.660714e-01 5.176109e-02
1.070400e+01 9.125240e-01 -3.700304e-02 6.319364e-02 -5.147635e-03 6.668807e-01 5.058301e-02
1.072000e+01 9.119305e-01 -3.709680e-02 6.310912e-02 -5.282851e-03 6.676463e-01 4.784848e-02
1.073600e+01 9.113369e-01 -3.709955e-02 6.302508e-02 -5.252401e-03 6.683623e-01 4.474754e-02
1.075200e+01 9.107444e-01 -3.703291e-02 6.294103e-02 -5.252727e-03 6.690237e-01 4.133888e-02
1.076800e+01 9.101510e-01 -3.708564e-02 6.285535e-02 -5.355322e-03 6.696282e-01 3.778099e-02
1.078400e+01 9.095604e-01 -3.691568e-02 6.276957e-02 -5.361121e-03 6.701770e-01 3.430189e-02
1.080000e+01 9.089636e-01 -3.729943e-02 6.267998e-02 -5.599686e-03 6.706735e-01 3.102980e-02
1.081600e+01 9.083603e-01 -3.770234e-02 6.258534e-02 -5.914610e-03 6.711222e-01 2.804355e-02
1.083200e+01 9.077612e-01 -3.744305e-02 6.248532e-02 -6.251556e-03 6.715285e-01 2.539667e-02
1.084800e+01 9.071685e-01 -3.704892e-02 6.238226e-02 -6.440811e-03 6.718964e-01 2.299319e-02
1.086400e+01 9.065802e-01 -3.676768e-02 6.227638e-02 -6.617862e-03 6.722239e-01 2.046720e-02
1.088000e+01 9.060010e-01 -3.619752e-02 6.217017e-02 -6.638265e-03 6.725122e-01 1.801643e-02
1.089600e+01 9.054312e-01 -3.561218e-02 6.206311e-02 -6.691103e-03 6.727626e-01 1.565011e-02
1.091200e+01 9.048679e-01 -3.520914e-02 6.195281e-02 -6.893650e-03 6.729743e-01 1.323415e-02
1.092800e+01 9.043127e-01 -3.469845e-02 6.183533e-02 -7.342631e-03 6.731436e-01 1.058014e-02
1.094400e+01 9.037719e-01 -3.379881e-02 6.170598e-02 -8.084184e-03 6.732797e-01 8.509021e-03
1.096000e+01 9.032501e-01 -3.261534e-02 6.156316e-02 -8.926354e-03 6.733948e-01 7.191355e-03
1.097600e+01 9.027409e-01 -3.182100e-02 6.141040e-02 -9.547733e-03 6.734933e-01 6.159644e-03
1.099200e+01 9.022341e-01 -3.167727e-02 6.125381e-02 -9.786275e-03 6.735794e-01 5.375786e-03
1.100800e+01 9.017267e-01 -3.171391e-02 6.109590e-02 -9.869956e-03 6.736608e-01 5.089014e-03
1.102400e+01 9.012198e-01 -3.168029e-02 6.094417e-02 -9.482655e-03 6.737468e-01 5.373483e-03
1.104000e+01 9.007101e-01 -3.185825e-02 6.080298e-02 -8.824602e-03 6.738379e-01 5.694519e-03
1.105600e+01 9.001864e-01 -3.272675e-02 6.067414e-02 -8.052316e-03 6.739385e-01 6.287672e-03
1.107200e+01 8.996488e-01 -3.360180e-02 6.055913e-02 -7.188140e-03 6.740469e-01 6.779670e-03
1.108800e+01 8.991070e-01 -3.386099e-02 6.045992e-02 -6.200473e-03 6.741678e-01 7.551733e-03
1.110400e+01 8.985724e-01 -3.341503e-02 6.037439e-02 -5.345813e-03 6.743040e-01 8.515082e-03
1.112000e+01 8.980384e-01 -3.337549e-02 6.030029e-02 -4.631069e-03 6.744510e-01 9.189469e-03
1.113600e+01 8.975291e-01 -3.182929e-02 6.021637e-02 -5.245128e-03 6.746188e-01 1.048440e-02
1.115200e+01 8.970485e-01 -3.003702e-02 6.012653e-02 -5.615124e-03 6.748031e-01 1.151983e-02
1.116800e+01 8.965812e-01 -2.920396e-02 6.003897e-02 -5.472303e-03 6.749980e-01 1.218118e-02
1.118400e+01 8.961220e-01 -2.870067e-02 5.995171e-02 -5.454217e-03 6.751978e-01 1.248876e-02
1.120000e+01 8.956686e-01 -2.833870e-02 5.986698e-02 -5.295503e-03 6.754027e-01 1.280276e-02
1.121600e+01 8.952242e-01 -2.777575e-02 5.978574e-02 -5.077401e-03 6.756133e-01 1.316439e-02
1.123200e+01 8.947874e-01 -2.729755e-02 5.970496e-02 -5.048440e-03 6.758302e-01 1.355480e-02
1.124800e+01 8.943615e-01 -2.662178e-02 5.962540e-02 -4.972519e-03 6.760500e-01 1.373987e-02
1.126400e+01 8.939448e-01 -2.604338e-02 5.954630e-02 -4.944242e-03 6.762723e-01 1.389084e-02
1.128000e+01 8.935320e-01 -2.579711e-02 5.946619e-02 -5.006659e-03 6.764989e-01 1.416341e-02
1.129600e+01 8.931275e-01 -2.528745e-02 5.938525e-02 -5.058426e-03 6.767291e-01 1.438824e-02
1.131200e+01 8.927308e-01 -2.478825e-02 5.930203e-02 -5.201459e-03 6.769614e-01 1.452081e-02
1.132800e+01 8.923411e-01 -2.435788e-02 5.921634e-02 -5.355897e-03 6.771969e-01 1.471463e-02
1.134400e+01 8.919569e-01 -2.401615e-02 5.913282e-02 -5.219772e-03 6.774344e-01 1.484606e-02
1.136000e+01 8.915833e-01 -2.334469e-02 5.904823e-02 -5.287126e-03 6.776722e-01 1.486140e-02
1.137600e+01 8.912181e-01 -2.282860e-02 5.896591e-02 -5.144558e-03 6.779089e-01 1.479460e-02
1.139200e+01 8.908564e-01 -2.260745e-02 5.888592e-02 -4.999719e-03 6.781451e-01 1.475979e-02
1.140800e+01 8.905000e-01 -2.227107e-02 5.880744e-02 -4.904663e-03 6.783805e-01 1.471627e-02
1.142400e+01 8.901533e-01 -2.167260e-02 5.873169e-02 -4.734490e-03 6.786159e-01 1.471023e-02
1.144000e+01 8.898137e-01 -2.122160e-02 5.865659e-02 -4.693712e-03 6.788516e-01 1.472905e-02
1.145600e+01 8.894788e-01 -2.093366e-02 5.858176e-02 -4.677102e-03 6.790860e-01 1.465447e-02
1.147200e+01 8.891482e-01 -2.066092e-02 5.850996e-02 -4.487507e-03 6.793177e-01 1.448108e-02
1.148800e+01 8.888177e-01 -2.065768e-02 5.843811e-02 -4.490772e-03 6.795492e-01 1.446568e-02
1.150400e+01 8.884920e-01 -2.035376e-02 5.836959e-02 -4.282028e-03 6.797791e-01 1.436795e-02
1.152000e+01 8.881661e-01 -2.036729e-02 5.830214e-02 -4.215862e-03 6.800045e-01 1.409031e-02
1.153600e+01 8.878405e-01 -2.035460e-02 5.823777e-02 -4.023294e-03 6.802298e-01 1.408408e-02
1.155200e+01 8.875178e-01 -2.016515e-02 5.817383e-02 -3.996359e-03 6.804549e-01 1.406351e-02
1.156800e+01 8.871980e-01 -1.999153e-02 5.810942e-02 -4.025260e-03 6.806777e-01 1.392441e-02
1.158400e+01 8.868794e-01 -1.991251e-02 5.804524e-02 -4.011056e-03 6.808992e-01 1.384674e-02
1.160000e+01 8.865592e-01 -2.001065e-02 5.798122e-02 -4.001240e-03 6.811199e-01 1.379202e-02
1.161600e+01 8.862415e-01 -1.985765e-02 5.791646e-02 -4.047880e-03 6.813416e-01 1.386046e-02
1.163200e+01 8.859243e-01 -1.982108e-02 5.785243e-02 -4.001652e-03 6.815625e-01 1.380439e-02
1.164800e+01 8.856099e-01 -1.965346e-02 5.778713e-02 -4.081565e-03 6.817837e-01 1.382344e-02
1.166400e+01 8.852915e-01 -1.989976e-02 5.772655e-02 -3.786332e-03 6.820062e-01 1.390516e-02
1.168000e+01 8.849648e-01 -2.041621e-02 5.767608e-02 -3.154413e-03 6.822295e-01 1.395772e-02
1.169600e+01 8.846302e-01 -2.091464e-02 5.763663e-02 -2.465239e-03 6.824533e-01 1.398555e-02
1.171200e+01 8.842817e-01 -2.177827e-02 5.761053e-02 -1.631413e-03 6.826776e-01 1.402087e-02
1.172800e+01 8.839155e-01 -2.288772e-02 5.759984e-02 -6.679275e-04 6.829028e-01 1.407817e-02
1.174400e+01 8.835309e-01 -2.403884e-02 5.760513e-02 3.304195e-04 6.831290e-01 1.413461e-02
1.176000e+01 8.831304e-01 -2.503085e-02 5.762553e-02 1.275195e-03 6.833585e-01 1.434229e-02
1.177600e+01 8.827201e-01 -2.564246e-02 5.765624e-02 1.919295e-03 6.835901e-01 1.447479e-02
1.179200e+01 8.823019e-01 -2.613815e-02 5.769536e-02 2.445220e-03 6.838228e-01 1.454408e-02
1.180800e+01 8.818785e-01 -2.646722e-02 5.774272e-02 2.960016e-03 6.840585e-01 1.473275e-02
1.182400e+01 8.814500e-01 -2.677877e-02 5.779310e-02 3.148256e-03 6.842969e-01 1.490206e-02
1.184000e+01 8.810211e-01 -2.680783e-02 5.784718e-02 3.379919e-03 6.845367e-01 1.498688e-02
1.185600e+01 8.805877e-01 -2.708552e-02 5.790368e-02 3.531365e-03 6.847789e-01 1.513722e-02
1.187200e+01 8.801548e-01 -2.705398e-02 5.796243e-02 3.671892e-03 6.850245e-01 1.534581e-02
1.188800e+01 8.797241e-01 -2.692329e-02 5.802187e-02 3.714867e-03 6.852726e-01 1.550704e-02
1.190400e+01 8.792950e-01 -2.681343e-02 5.808008e-02 3.638175e-03 6.855225e-01 1.561901e-02
1.192000e+01 8.788672e-01 -2.674331e-02 5.813867e-02 3.661889e-03 6.857733e-01 1.567488e-02
1.193600e+01 8.784394e-01 -2.673363e-02 5.819589e-02 3.576364e-03 6.860255e-01 1.576313e-02
1.195200e+01 8.780164e-01 -2.643942e-02 5.825221e-02 3.520006e-03 6.862776e-01 1.575956e-02
1.196800e+01 8.775952e-01 -2.632523e-02 5.830542e-02 3.325977e-03 6.865290e-01 1.571245e-02
1.198400e+01 8.771746e-01 -2.628464e-02 5.835874e-02 3.332313e-03 6.867800e-01 1.568534e-02
