# problem = TPV102
# author = Brad Aagaard
# date = Thu Jun 13 15:12:32 2013
# code = PyLith
# code_version = 1.8.1a (scecdynrup branch)
# element_size = 100 m
# time_step =   5.000000E-02
# num_timesteps =      241
# location = -9.0 km off fault, 0.0 km along strike and 0.0 km depth
# Time series in 7 columns of E14.6:
# Column #1 = time (s)
# Column #2 = horizontal fault-parallel displacement (m)
# Column #3 = horizontal fault-parallel velocity (m/s)
# Column #4 = vertical displacement (m)
# Column #5 = vertical velocity (m/s)
# Column #6 = horizontal fault-normal displacement (m)
# Column #7 = horizontal fault-normal velocity (m/s)
#
# Data fields
#t h-disp h-vel v-disp v-vel n-disp n-vel
0.000000e+00   0.000000e+00   0.000000e+00  -0.000000e+00  -0.000000e+00  -0.000000e+00  -0.000000e+00
5.000000e-02   0.000000e+00   0.000000e+00  -0.000000e+00  -0.000000e+00  -0.000000e+00  -0.000000e+00
1.000000e-01   0.000000e+00   0.000000e+00  -0.000000e+00  -0.000000e+00  -0.000000e+00  -0.000000e+00
1.500000e-01   0.000000e+00   0.000000e+00  -0.000000e+00  -0.000000e+00  -0.000000e+00  -0.000000e+00
2.000000e-01   0.000000e+00   0.000000e+00  -0.000000e+00  -0.000000e+00  -0.000000e+00  -0.000000e+00
2.500000e-01   0.000000e+00   0.000000e+00  -0.000000e+00  -0.000000e+00  -0.000000e+00  -0.000000e+00
3.000000e-01   2.228997e-86   4.990824e-83   4.187629e-87   1.128602e-83   1.503764e-86   3.898058e-83
3.500000e-01   1.342503e-75   9.655763e-73   3.989823e-76   2.885885e-73   1.301748e-75   9.396092e-73
4.000000e-01   6.485975e-68   2.912762e-65   1.971252e-68   8.853138e-66   6.334260e-68   2.841086e-65
4.500000e-01   9.126117e-62   3.017745e-59   2.756830e-62   9.103888e-60   8.762079e-62   2.890086e-59
5.000000e-01   1.271991e-56   3.338346e-54   3.790401e-57   9.928588e-55   1.192956e-56   3.121103e-54
5.500000e-01   3.287796e-52   7.141434e-50   9.638070e-53   2.088627e-50   3.005017e-52   6.503827e-50
6.000000e-01   2.300134e-48   4.243893e-46   6.625611e-49   1.219255e-46   2.046662e-48   3.761140e-46
6.500000e-01   5.596033e-45   8.922839e-43   1.583071e-45   2.516813e-43   4.844573e-45   7.690391e-43
7.000000e-01   5.651937e-42   7.880902e-40   1.569627e-42   2.181517e-40   4.757745e-42   6.601251e-40
7.500000e-01   2.701808e-39   3.321961e-37   7.362793e-40   9.019715e-38   2.209834e-39   2.701923e-37
8.000000e-01   6.760668e-37   7.372648e-35   1.806759e-37   1.962127e-35   5.367099e-37   5.815734e-35
8.500000e-01   9.589594e-35   9.312624e-33   2.511041e-35   2.426843e-33   7.378533e-35   7.112781e-33
9.000000e-01   8.224756e-33   7.131296e-31   2.107658e-33   1.817210e-31   6.121950e-33   5.262361e-31
9.500000e-01   4.499118e-31   3.488050e-29   1.126535e-31   8.675564e-30   3.231802e-31   2.479932e-29
1.000000e+00   1.641538e-29   1.138442e-27   4.008062e-30   2.757331e-28   1.134546e-29   7.771696e-28
1.050000e+00   4.149263e-28   2.572786e-26   9.854071e-29   6.049864e-27   2.749238e-28   1.679216e-26
1.100000e+00   7.504713e-27   4.153866e-25   1.727989e-27   9.446727e-26   4.745907e-27   2.578468e-25
1.150000e+00   9.984272e-26   4.919312e-24   2.219671e-26   1.076481e-24   5.993542e-26   2.884927e-24
1.200000e+00   1.000162e-24   4.367649e-23   2.135207e-25   9.132670e-24   5.660663e-25   2.399166e-23
1.250000e+00   7.692815e-24   2.958615e-22   1.565400e-24   5.852738e-23   4.069197e-24   1.504600e-22
1.300000e+00   4.616165e-23   1.549186e-21   8.859433e-24   2.855877e-22   2.255402e-23   7.172759e-22
1.350000e+00   2.187960e-22   6.321743e-21   3.898474e-23   1.059552e-21   9.711023e-23   2.596250e-21
1.400000e+00   8.264532e-22   2.015500e-20   1.332979e-22   2.935199e-21   3.248459e-22   7.012422e-21
1.450000e+00   2.504145e-21   5.017789e-20   3.493030e-22   5.725793e-21   8.341037e-22   1.336523e-20
1.500000e+00   6.188859e-21   1.019229e-19   6.719844e-22   6.293500e-21   1.582629e-21   1.461722e-20
1.550000e+00   1.415012e-20   2.640915e-19   8.243162e-22  -2.456869e-21   1.970031e-21  -3.705308e-21
1.600000e+00   5.273764e-20   1.907189e-18   1.861974e-22  -2.512314e-20   7.526285e-22  -4.850454e-20
1.650000e+00   4.332523e-19   1.988345e-17  -1.718468e-21  -4.865803e-20  -2.847185e-21  -8.949737e-20
1.700000e+00   4.210707e-18   1.903078e-16  -4.095871e-21  -3.699518e-20  -6.940167e-21  -5.506384e-20
1.750000e+00   3.759858e-17   1.616889e-15  -4.365326e-21   3.583952e-20  -6.322161e-21   9.727230e-20
1.800000e+00   3.015643e-16   1.232217e-14  -1.686650e-22   1.263455e-19   3.269782e-21   2.733674e-19
1.850000e+00   2.184779e-15   8.487650e-14   6.614512e-21   1.177449e-19   1.769002e-20   2.507277e-19
1.900000e+00   1.437260e-14   5.307285e-13   8.562596e-21  -6.908973e-20   2.258610e-20  -1.089751e-19
1.950000e+00   8.615280e-14   3.020990e-12  -2.175571e-21  -3.688079e-19   3.532613e-21  -6.629470e-19
2.000000e+00   4.717743e-13   1.568938e-11  -2.918188e-20  -7.410064e-19  -4.411591e-20  -1.276085e-18
2.050000e+00   2.365680e-12   7.451241e-11  -8.614606e-20  -1.762472e-18  -1.390530e-19  -2.892415e-18
2.100000e+00   1.088880e-11   3.243792e-10  -2.487959e-19  -5.496353e-18  -4.093636e-19  -9.293632e-18
2.150000e+00   4.611876e-11   1.297556e-09  -7.529667e-19  -1.644991e-17  -1.293098e-18  -2.963071e-17
2.200000e+00   1.801810e-10   4.780215e-09  -2.139303e-18  -4.238325e-17  -3.901656e-18  -8.257522e-17
2.250000e+00   6.508462e-10   1.625258e-08  -5.402528e-18  -9.305094e-17  -1.063545e-17  -2.018944e-16
2.300000e+00   2.178247e-09   5.109050e-08  -1.190320e-17  -1.703613e-16  -2.600452e-17  -4.372178e-16
2.350000e+00   6.767463e-09   1.487220e-07  -2.234880e-17  -2.391467e-16  -5.706197e-17  -8.345591e-16
2.400000e+00   1.955171e-08   4.014259e-07  -3.369544e-17  -1.741214e-16  -1.119909e-16  -1.380169e-15
2.450000e+00   5.261079e-08   1.005866e-06  -3.322495e-17   2.918335e-16  -1.950325e-16  -1.915630e-15
2.500000e+00   1.320554e-07   2.342361e-06   8.471946e-18   1.542636e-15  -2.976452e-16  -2.088948e-15
2.550000e+00   3.096641e-07   5.074899e-06   1.391379e-16   3.873287e-15  -3.906289e-16  -1.465241e-15
2.600000e+00   6.794819e-07   1.024223e-05   4.107861e-16   7.079174e-15  -4.280396e-16   1.077546e-16
2.650000e+00   1.397640e-06   1.928440e-05   8.438775e-16   1.006159e-14  -3.740179e-16   1.997014e-15
2.700000e+00   2.700525e-06   3.394082e-05   1.382375e-15   1.095700e-14  -2.493334e-16   2.599979e-15
2.750000e+00   4.913954e-06   5.599489e-05   1.878783e-15   8.244247e-15  -1.669666e-16   3.866480e-17
2.800000e+00   8.447077e-06   8.694374e-05   2.155363e-15   2.534171e-15  -3.093597e-16  -6.302118e-15
2.850000e+00   1.377223e-05   1.278167e-04   2.143468e-15  -2.427739e-15  -8.313126e-16  -1.466051e-14
2.900000e+00   2.140633e-05   1.794810e-04   2.012900e-15  -1.413388e-15  -1.760797e-15  -2.225246e-14
2.950000e+00   3.192696e-05   2.437725e-04   2.142189e-15   7.826488e-15  -3.051782e-15  -2.987457e-14
3.000000e+00   4.607048e-05   3.256697e-04   2.859781e-15   2.078753e-14  -4.897229e-15  -4.682120e-14
3.050000e+00   6.496683e-05   4.366019e-04   4.145437e-15   2.952586e-14  -8.157826e-15  -8.924413e-14
3.100000e+00   9.057110e-05   5.990598e-04   5.776894e-15   3.722420e-14  -1.439847e-14  -1.654712e-13
3.150000e+00   1.263664e-04   8.529197e-04   8.377732e-15   7.702516e-14  -2.489539e-14  -2.515139e-13
3.200000e+00   1.784332e-04   1.263751e-03   1.502596e-14   2.098292e-13  -3.860405e-14  -2.797992e-13
3.250000e+00   2.569608e-04   1.931692e-03   3.149893e-14   4.673586e-13  -5.069864e-14  -1.796687e-13
3.300000e+00   3.781171e-04   2.995543e-03   6.221268e-14   7.446573e-13  -5.484561e-14   1.769393e-14
3.350000e+00   5.658046e-04   4.622279e-03   1.014815e-13   7.489641e-13  -5.085890e-14   9.446332e-14
3.400000e+00   8.523201e-04   6.972634e-03   1.276076e-13   1.946341e-13  -5.216103e-14  -2.252587e-13
3.450000e+00   1.276703e-03   1.014522e-02   1.146166e-13  -7.096018e-13  -7.842755e-14  -8.170375e-13
3.500000e+00   1.880212e-03   1.412351e-02   6.821113e-14  -8.960938e-13  -1.222789e-13  -6.811726e-13
3.550000e+00   2.700052e-03   1.876583e-02   6.057046e-14   1.027360e-12  -1.084070e-13   1.730828e-12
3.600000e+00   3.764286e-03   2.386338e-02   2.089870e-13   5.156400e-12   9.803453e-14   6.898943e-12
3.650000e+00   5.090935e-03   2.924022e-02   5.734401e-13   9.070260e-12   5.912403e-13   1.258463e-11
3.700000e+00   6.691595e-03   3.481887e-02   1.055107e-12   9.418191e-12   1.300287e-12   1.497566e-11
3.750000e+00   8.575966e-03   4.058635e-02   1.453795e-12   6.276119e-12   2.019342e-12   1.342505e-11
3.800000e+00   1.075246e-02   4.648453e-02   1.720765e-12   5.495050e-12   2.674946e-12   1.393137e-11
3.850000e+00   1.322372e-02   5.233791e-02   2.158480e-12   1.379971e-11   3.585946e-12   2.462857e-11
3.900000e+00   1.598161e-02   5.791359e-02   3.232301e-12   2.967089e-11   5.309092e-12   4.521440e-11
3.950000e+00   1.900808e-02   6.307225e-02   5.064197e-12   4.191558e-11   8.070368e-12   6.358067e-11
4.000000e+00   2.228261e-02   6.785750e-02   7.221485e-12   4.265345e-11   1.144858e-11   6.959238e-11
4.050000e+00   2.579029e-02   7.242629e-02   9.324464e-12   4.394365e-11   1.503787e-11   7.743425e-11
4.100000e+00   2.952370e-02   7.689780e-02   1.219400e-11   8.065249e-11   2.003273e-11   1.372922e-10
4.150000e+00   3.347864e-02   8.128073e-02   1.874097e-11   1.993436e-10   3.094052e-11   3.294693e-10
4.200000e+00   3.764941e-02   8.552011e-02   3.432046e-11   4.512543e-10   5.678356e-11   7.525802e-10
4.250000e+00   4.202712e-02   8.954267e-02   6.706627e-11   8.975297e-10   1.118183e-10   1.516354e-09
4.300000e+00   4.659768e-02   9.319479e-02   1.284370e-10   1.607566e-09   2.158444e-10   2.728825e-09
4.350000e+00   5.133490e-02   9.612965e-02   2.329767e-10   2.627229e-09   3.932381e-10   4.454664e-09
4.400000e+00   5.618935e-02   9.776708e-02   3.958281e-10   3.925699e-09   6.690251e-10   6.641307e-09
4.450000e+00   6.107744e-02   9.732698e-02   6.278226e-10   5.357948e-09   1.061103e-09   9.046194e-09
4.500000e+00   6.587166e-02   9.382289e-02   9.295068e-10   6.657476e-09   1.569535e-09   1.119265e-08
4.550000e+00   7.038832e-02   8.597896e-02   1.284850e-09   7.422275e-09   2.163868e-09   1.232749e-08
4.600000e+00   7.437161e-02   7.219243e-02   1.653527e-09   7.078488e-09   2.768078e-09   1.138148e-08
4.650000e+00   7.748012e-02   5.068794e-02   1.963005e-09   4.941648e-09   3.247153e-09   7.124103e-09
4.700000e+00   7.928661e-02   1.988597e-02   2.110000e-09   5.460121e-10   3.412036e-09  -1.235556e-09
4.750000e+00   7.929998e-02  -2.109964e-02   1.983593e-09  -5.880166e-09   3.062750e-09  -1.322761e-08
4.800000e+00   7.701345e-02  -7.191361e-02   1.505187e-09  -1.331663e-08   2.060341e-09  -2.695848e-08
4.850000e+00   7.198079e-02  -1.303942e-01   6.556958e-10  -2.054748e-08   3.762000e-10  -4.016784e-08
4.900000e+00   6.391965e-02  -1.920840e-01  -5.347845e-10  -2.690675e-08  -1.926964e-09  -5.164272e-08
4.950000e+00   5.283175e-02  -2.501125e-01  -2.019700e-09  -3.234370e-08  -4.761328e-09  -6.151276e-08
5.000000e+00   3.911038e-02  -2.958978e-01  -3.756005e-09  -3.698512e-08  -8.062576e-09  -7.042581e-08
5.050000e+00   2.358610e-02  -3.209156e-01  -5.708080e-09  -4.101321e-08  -1.179594e-08  -7.882641e-08
5.100000e+00   7.462709e-03  -3.192055e-01  -7.847840e-09  -4.440574e-08  -1.592763e-08  -8.603811e-08
5.150000e+00  -7.872401e-03  -2.897090e-01  -1.011029e-08  -4.534742e-08  -2.031395e-08  -8.785191e-08
5.200000e+00  -2.112888e-02  -2.374179e-01  -1.226312e-08  -3.904395e-08  -2.447641e-08  -7.535506e-08
5.250000e+00  -3.140794e-02  -1.727366e-01  -1.381968e-08  -2.121284e-08  -2.748293e-08  -4.114324e-08
5.300000e+00  -3.842034e-02  -1.091205e-01  -1.424377e-08   4.776021e-09  -2.831887e-08   8.902190e-09
5.350000e+00  -4.255497e-02  -5.960011e-02  -1.340876e-08   2.678379e-08  -2.668794e-08   5.319615e-08
5.400000e+00  -4.476422e-02  -3.309755e-02  -1.180760e-08   3.465563e-08  -2.344216e-08   7.153870e-08
5.450000e+00  -4.628233e-02  -3.162822e-02  -1.012992e-08   3.157081e-08  -1.994011e-08   6.606321e-08
5.500000e+00  -4.825028e-02  -4.954496e-02  -8.632980e-09   2.920029e-08  -1.687320e-08   5.796153e-08
5.550000e+00  -5.137167e-02  -7.559134e-02  -7.132804e-09   3.095787e-08  -1.396716e-08   5.950585e-08
5.600000e+00  -5.573653e-02  -9.736111e-02  -5.619964e-09   2.787874e-08  -1.097329e-08   5.779488e-08
5.650000e+00  -6.089143e-02  -1.062696e-01  -4.509003e-09   1.557100e-08  -8.533495e-09   3.626049e-08
5.700000e+00  -6.611841e-02  -1.005619e-01  -4.022417e-09   5.688613e-09  -7.522309e-09   4.793712e-09
5.750000e+00  -7.078331e-02  -8.502352e-02  -3.724330e-09   7.775355e-09  -7.802648e-09  -1.272461e-08
5.800000e+00  -7.459694e-02  -6.802546e-02  -3.312470e-09   5.238672e-09  -8.661444e-09  -2.369615e-08
5.850000e+00  -7.769543e-02  -5.752158e-02  -3.739082e-09  -2.846236e-08  -1.075254e-08  -6.851211e-08
5.900000e+00  -8.052415e-02  -5.740851e-02  -6.531185e-09  -8.291494e-08  -1.620850e-08  -1.522262e-07
5.950000e+00  -8.357737e-02  -6.567772e-02  -1.150196e-08  -1.062573e-07  -2.544208e-08  -2.034580e-07
6.000000e+00  -8.712348e-02  -7.585751e-02  -1.615165e-08  -7.183530e-08  -3.478663e-08  -1.521442e-07
6.050000e+00  -9.108375e-02  -8.138145e-02  -1.851613e-08  -2.799352e-08  -3.959613e-08  -4.011810e-08
6.100000e+00  -9.513982e-02  -7.970707e-02  -1.993409e-08  -4.034661e-08  -3.989674e-08   8.436227e-09
6.150000e+00  -9.897361e-02  -7.323840e-02  -2.326868e-08  -9.322181e-08  -4.067822e-08  -5.340831e-08
6.200000e+00  -1.024730e-01  -6.733469e-02  -2.848869e-08  -1.016844e-07  -4.534026e-08  -1.204005e-07
6.250000e+00  -1.058050e-01  -6.725167e-02  -3.206874e-08  -3.159355e-08  -5.056778e-08  -6.316657e-08
6.300000e+00  -1.093314e-01  -7.505826e-02  -3.149360e-08   4.755591e-08  -4.985670e-08   9.723544e-08
6.350000e+00  -1.133974e-01  -8.799518e-02  -2.850766e-08   5.832496e-08  -4.190400e-08   1.953061e-07
6.400000e+00  -1.181195e-01  -1.002934e-01  -2.654051e-08   1.831402e-08  -3.339696e-08   1.155650e-07
6.450000e+00  -1.233395e-01  -1.074558e-01  -2.616679e-08   7.153188e-09  -3.188543e-08  -5.265021e-08
6.500000e+00  -1.287703e-01  -1.089995e-01  -2.475527e-08   5.743627e-08  -3.671506e-08  -1.088068e-07
6.550000e+00  -1.341958e-01  -1.079547e-01  -2.024088e-08   1.181567e-07  -3.989588e-08  -1.028781e-09
6.600000e+00  -1.395989e-01  -1.088956e-01  -1.392319e-08   1.218249e-07  -3.720603e-08   8.309853e-08
6.650000e+00  -1.451823e-01  -1.155889e-01  -9.114370e-09   6.414406e-08  -3.521797e-08  -4.155564e-08
6.700000e+00  -1.512619e-01  -1.284339e-01  -7.511333e-09   5.751851e-09  -4.348768e-08  -2.876575e-07
6.750000e+00  -1.580685e-01  -1.438280e-01  -7.736733e-09  -7.264450e-09  -6.153528e-08  -3.926354e-07
6.800000e+00  -1.656074e-01  -1.570698e-01  -7.980464e-09  -5.863033e-09  -7.874989e-08  -2.667024e-07
6.850000e+00  -1.737058e-01  -1.662410e-01  -9.062118e-09  -4.592467e-08  -8.748592e-08  -9.686808e-08
6.900000e+00  -1.821985e-01  -1.734965e-01  -1.293702e-08  -1.052895e-07  -9.093540e-08  -6.791545e-08
6.950000e+00  -1.910980e-01  -1.832950e-01  -1.850084e-08  -1.017574e-07  -9.564069e-08  -1.165973e-07
7.000000e+00  -2.006284e-01  -1.990268e-01  -2.190428e-08  -2.986436e-08  -1.007236e-07  -5.905173e-08
7.050000e+00  -2.110911e-01  -2.200899e-01  -2.212723e-08   4.911358e-09  -9.940260e-08   1.199685e-07
7.100000e+00  -2.226531e-01  -2.421037e-01  -2.317542e-08  -6.058801e-08  -8.980271e-08   2.364788e-07
7.150000e+00  -2.352413e-01  -2.606133e-01  -2.839077e-08  -1.371243e-07  -7.889816e-08   1.730552e-07
7.200000e+00  -2.486392e-01  -2.747148e-01  -3.498997e-08  -1.049257e-07  -7.329089e-08   6.517384e-08
7.250000e+00  -2.626907e-01  -2.875456e-01  -3.748487e-08   7.286750e-09  -6.937240e-08   1.297542e-07
7.300000e+00  -2.774558e-01  -3.040877e-01  -3.532890e-08   5.850778e-08  -5.768452e-08   3.429574e-07
7.350000e+00  -2.932234e-01  -3.280003e-01  -3.362261e-08  -3.853962e-09  -3.727095e-08   4.280311e-07
7.400000e+00  -3.103815e-01  -3.594267e-01  -3.572141e-08  -6.603936e-08  -1.976224e-08   2.332997e-07
7.450000e+00  -3.292464e-01  -3.957255e-01  -3.800812e-08  -5.656686e-10  -1.487940e-08  -1.452197e-08
7.500000e+00  -3.499879e-01  -4.341221e-01  -3.419783e-08   1.554003e-07  -1.674045e-08  -7.063265e-09
7.550000e+00  -3.726662e-01  -4.729959e-01  -2.371427e-08   2.397093e-07  -1.226209e-08   1.896545e-07
7.600000e+00  -3.972761e-01  -5.111502e-01  -1.266202e-08   1.844315e-07  -5.983144e-10   2.254056e-07
7.650000e+00  -4.237341e-01  -5.463369e-01  -5.603070e-09   1.091029e-07   5.449350e-09  -1.496402e-08
7.700000e+00  -4.517729e-01  -5.730512e-01   3.712326e-11   1.341329e-07  -2.046783e-09  -2.530149e-07
7.750000e+00  -4.807390e-01  -5.815544e-01   8.461602e-09   1.958009e-07  -1.503315e-08  -2.133304e-07
7.800000e+00  -5.094642e-01  -5.622284e-01   1.796265e-08   1.637914e-07  -1.983844e-08   3.143284e-08
7.850000e+00  -5.364699e-01  -5.135438e-01   2.349239e-08   5.409336e-08  -1.381018e-08   1.646311e-07
7.900000e+00  -5.605056e-01  -4.462344e-01   2.401567e-08  -2.062219e-08  -8.587366e-09  -2.436816e-09
7.950000e+00  -5.811166e-01  -3.803936e-01   2.255666e-08  -3.018675e-08  -1.585037e-08  -2.702508e-07
8.000000e+00  -5.989285e-01  -3.374696e-01   2.125379e-08  -2.305641e-08  -3.087270e-08  -2.668078e-07
8.050000e+00  -6.154546e-01  -3.297390e-01   1.992913e-08  -3.507333e-08  -3.802903e-08  -9.842584e-09
8.100000e+00  -6.324186e-01  -3.527565e-01   1.713097e-08  -8.264293e-08  -3.520708e-08   5.729567e-08
8.150000e+00  -6.509280e-01  -3.876366e-01   1.165608e-08  -1.269219e-07  -3.798845e-08  -1.933885e-07
8.200000e+00  -6.710012e-01  -4.118299e-01   6.360430e-09  -5.960192e-08  -5.194676e-08  -2.958447e-07
8.250000e+00  -6.916816e-01  -4.105567e-01   7.335652e-09   9.695907e-08  -6.050314e-08  -1.004710e-09
8.300000e+00  -7.116365e-01  -3.844052e-01   1.357307e-08   1.094942e-07  -5.282248e-08   2.509916e-07
8.350000e+00  -7.299816e-01  -3.499592e-01   1.453401e-08  -8.851348e-08  -4.247079e-08   1.047826e-07
8.400000e+00  -7.468682e-01  -3.293994e-01   6.174153e-09  -2.054775e-07  -4.389584e-08  -1.361671e-07
8.450000e+00  -7.633525e-01  -3.342411e-01  -2.371782e-09  -1.242793e-07  -5.210552e-08  -1.598113e-07
8.500000e+00  -7.805998e-01  -3.572585e-01  -9.061992e-09  -2.042763e-07  -5.947492e-08  -1.546406e-07
8.550000e+00  -7.990548e-01  -3.789462e-01  -2.811152e-08  -5.746741e-07  -6.918695e-08  -2.268986e-07
8.600000e+00  -8.181820e-01  -3.822728e-01  -6.207396e-08  -6.829696e-07  -7.824487e-08  -7.443802e-08
8.650000e+00  -8.369388e-01  -3.654196e-01  -8.576777e-08  -1.881801e-07  -7.234251e-08   3.133136e-07
8.700000e+00  -8.546258e-01  -3.427397e-01  -8.065660e-08   3.204157e-07  -5.160539e-08   4.326477e-07
8.750000e+00  -8.714156e-01  -3.319097e-01  -6.397298e-08   2.515869e-07  -3.649106e-08   1.293759e-07
8.800000e+00  -8.881295e-01  -3.394961e-01  -5.899747e-08  -2.141335e-08  -3.835304e-08  -1.671014e-07
8.850000e+00  -9.055436e-01  -3.576092e-01  -5.944980e-08   7.329585e-08  -4.920300e-08  -2.339228e-07
8.900000e+00  -9.238035e-01  -3.705684e-01  -4.875347e-08   3.383666e-07  -5.874250e-08  -1.037478e-07
8.950000e+00  -9.423073e-01  -3.663470e-01  -2.933152e-08   4.049105e-07  -5.327419e-08   3.910248e-07
9.000000e+00  -9.601986e-01  -3.481980e-01  -8.766304e-09   4.367730e-07  -1.794000e-08   9.519888e-07
9.050000e+00  -9.771920e-01  -3.338289e-01   1.571944e-08   5.302326e-07   2.614927e-08   6.010854e-07
9.100000e+00  -9.938834e-01  -3.369867e-01   3.973645e-08   3.655724e-07   2.761644e-08  -5.635987e-07
9.150000e+00  -1.011103e+00  -3.526074e-01   4.789771e-08  -4.402640e-08  -1.756010e-08  -1.011452e-06
9.200000e+00  -1.029078e+00  -3.645162e-01   3.881542e-08  -2.614891e-07  -5.348839e-08  -3.234483e-07
9.250000e+00  -1.047318e+00  -3.625535e-01   2.626118e-08  -2.174985e-07  -5.312613e-08   2.123312e-07
9.300000e+00  -1.065144e+00  -3.494195e-01   1.786038e-08  -1.093802e-07  -4.342887e-08   1.240677e-07
9.350000e+00  -1.082277e+00  -3.373148e-01   1.746449e-08   1.193430e-07  -3.938114e-08   7.413105e-08
9.400000e+00  -1.099103e+00  -3.385230e-01   2.963615e-08   3.209367e-07  -3.625339e-08   3.338908e-09
9.450000e+00  -1.116352e+00  -3.526556e-01   4.153642e-08   6.854518e-08  -4.303231e-08  -2.604565e-07
9.500000e+00  -1.134334e+00  -3.647890e-01   3.325371e-08  -3.581906e-07  -5.384119e-08  -5.284506e-08
9.550000e+00  -1.152571e+00  -3.618485e-01   1.492967e-08  -2.727628e-07  -4.322268e-08   4.166494e-07
9.600000e+00  -1.170324e+00  -3.475582e-01   1.001232e-08   3.913551e-08  -2.652509e-08   9.458589e-08
9.650000e+00  -1.187395e+00  -3.371687e-01   1.106847e-08  -6.850725e-08  -3.833540e-08  -4.744992e-07
9.700000e+00  -1.204285e+00  -3.409867e-01   2.624156e-09  -2.082509e-07  -5.819851e-08  -1.837095e-07
9.750000e+00  -1.221669e+00  -3.550479e-01  -3.134599e-09  -2.350869e-09  -5.607362e-08   1.462210e-07
9.800000e+00  -1.239727e+00  -3.654837e-01  -3.963150e-09  -1.548916e-07  -5.797622e-08  -3.043052e-07
9.850000e+00  -1.257982e+00  -3.622432e-01  -2.721283e-08  -7.631300e-07  -8.214618e-08  -5.248207e-07
9.900000e+00  -1.275788e+00  -3.494600e-01  -6.716892e-08  -6.254533e-07  -9.899905e-08  -1.153448e-07
9.950000e+00  -1.293002e+00  -3.409778e-01  -7.420027e-08   3.794953e-07  -9.884799e-08   3.579340e-08
1.000000e+01  -1.310125e+00  -3.464890e-01  -4.023040e-08   7.691205e-07  -9.882743e-08  -6.241089e-09
1.005000e+01  -1.327838e+00  -3.629720e-01  -1.492237e-08   1.634749e-07  -9.611199e-08   9.886144e-08
1.010000e+01  -1.346381e+00  -3.769937e-01  -1.922803e-08  -2.013744e-07  -9.713976e-08  -2.416785e-07
1.015000e+01  -1.365282e+00  -3.760905e-01  -2.293594e-08   1.169549e-07  -1.209716e-07  -5.810007e-07
1.020000e+01  -1.383771e+00  -3.625223e-01  -8.450626e-09   4.098730e-07  -1.347732e-07   2.128542e-07
1.025000e+01  -1.401612e+00  -3.535342e-01   1.405927e-08   4.793010e-07  -9.829610e-08   1.067889e-06
1.030000e+01  -1.419430e+00  -3.622442e-01   3.974153e-08   5.375142e-07  -5.348237e-08   5.050779e-07
1.035000e+01  -1.438017e+00  -3.814086e-01   6.338056e-08   3.380219e-07  -5.239124e-08  -3.380023e-07
1.040000e+01  -1.457418e+00  -3.917160e-01   6.855619e-08  -1.365118e-07  -7.002367e-08  -2.347475e-07
1.045000e+01  -1.476866e+00  -3.831781e-01   5.369548e-08  -4.003180e-07  -7.360749e-08   3.492604e-08
1.050000e+01  -1.495564e+00  -3.645803e-01   3.035609e-08  -5.730164e-07  -7.129205e-08   5.190596e-08
1.055000e+01  -1.513468e+00  -3.544303e-01  -1.049926e-08  -1.112634e-06  -6.758039e-08   6.822700e-08
1.060000e+01  -1.531340e+00  -3.637022e-01  -7.712151e-08  -1.408282e-06  -7.355401e-08  -4.220205e-07
1.065000e+01  -1.550040e+00  -3.847357e-01  -1.324888e-07  -6.375819e-07  -1.114476e-07  -9.556866e-07
1.070000e+01  -1.569674e+00  -3.976433e-01  -1.364977e-07   3.771111e-07  -1.452434e-07  -1.617848e-07
1.075000e+01  -1.589454e+00  -3.901076e-01  -1.124741e-07   4.086502e-07  -1.238872e-07   8.104631e-07
1.080000e+01  -1.608467e+00  -3.698403e-01  -1.004158e-07   1.800280e-07  -9.648378e-08  -3.393281e-09
1.085000e+01  -1.626555e+00  -3.563711e-01  -7.529515e-08   1.015155e-06  -1.278506e-07  -1.010797e-06
1.090000e+01  -1.644430e+00  -3.619351e-01   5.463384e-09   2.071382e-06  -1.633774e-07  -1.341517e-07
1.095000e+01  -1.662963e+00  -3.799485e-01   1.044844e-07   1.566092e-06  -1.401591e-07   8.145727e-07
1.100000e+01  -1.682296e+00  -3.903319e-01   1.413735e-07  -1.289234e-07  -1.125368e-07   8.481571e-08
1.105000e+01  -1.701608e+00  -3.779998e-01   1.042719e-07  -1.119014e-06  -1.272698e-07  -4.145737e-07
1.110000e+01  -1.719806e+00  -3.487162e-01   5.107045e-08  -8.630543e-07  -1.271754e-07   5.642246e-07
1.115000e+01  -1.736560e+00  -3.240290e-01   2.203545e-08  -3.383497e-07  -7.704939e-08   1.231274e-06
1.120000e+01  -1.752525e+00  -3.175539e-01   1.089853e-08  -1.638428e-07  -2.108003e-08   9.624079e-07
1.125000e+01  -1.768466e+00  -3.197719e-01   2.955994e-09  -1.577426e-07   2.633530e-08   1.020184e-06
1.130000e+01  -1.784294e+00  -3.098406e-01  -4.783455e-09  -1.575816e-07   7.429501e-08   6.427112e-07
1.135000e+01  -1.799088e+00  -2.787142e-01  -1.443533e-08  -2.500693e-07   6.182499e-08  -1.290810e-06
1.140000e+01  -1.811982e+00  -2.367553e-01  -3.057666e-08  -3.763679e-07  -3.517324e-08  -2.049411e-06
1.145000e+01  -1.822882e+00  -2.016071e-01  -4.653168e-08  -1.721838e-07  -8.575219e-08   3.788947e-07
1.150000e+01  -1.832402e+00  -1.815756e-01  -3.878370e-08   5.485990e-07  -1.281672e-08   1.905827e-06
1.155000e+01  -1.841166e+00  -1.688718e-01   8.787028e-09   1.290225e-06   3.603969e-08  -3.709363e-07
1.160000e+01  -1.849155e+00  -1.484200e-01   7.950158e-08   1.410320e-06  -3.299681e-08  -1.705302e-06
1.165000e+01  -1.855784e+00  -1.150777e-01   1.391614e-07   8.928719e-07  -6.561225e-08   7.409624e-07
1.170000e+01  -1.860635e+00  -8.015725e-02   1.625783e-07  -5.442303e-09   1.409895e-08   1.713751e-06
1.175000e+01  -1.864021e+00  -5.812712e-02   1.371323e-07  -9.640079e-07   4.453430e-08  -6.603727e-07
1.180000e+01  -1.866691e+00  -5.036491e-02   8.005188e-08  -1.095877e-06  -1.268960e-08  -9.268096e-07
1.185000e+01  -1.869114e+00  -4.608237e-02   4.810904e-08  -7.253482e-08  -8.127832e-09   9.663135e-07
1.190000e+01  -1.871194e+00  -3.581276e-02   6.468449e-08   4.706322e-07   2.809424e-08  -1.434052e-07
1.195000e+01  -1.872588e+00  -1.928812e-02   6.559670e-08  -6.351979e-07  -3.477868e-08  -1.886389e-06
1.200000e+01  -1.873117e+00  -2.399192e-03   6.313837e-09  -1.425875e-06  -8.938129e-08   2.357068e-07
