# problem = TPV102
# author = Brad Aagaard
# date = Thu Jun 13 15:12:32 2013
# code = PyLith
# code_version = 1.8.1a (scecdynrup branch)
# element_size = 100 m
# time_step =   5.000000E-02
# num_timesteps =      241
# location = -6.0 km off fault, -12.0 km along strike and 0.0 km depth
# Time series in 7 columns of E14.6:
# Column #1 = time (s)
# Column #2 = horizontal fault-parallel displacement (m)
# Column #3 = horizontal fault-parallel velocity (m/s)
# Column #4 = vertical displacement (m)
# Column #5 = vertical velocity (m/s)
# Column #6 = horizontal fault-normal displacement (m)
# Column #7 = horizontal fault-normal velocity (m/s)
#
# Data fields
#t h-disp h-vel v-disp v-vel n-disp n-vel
0.000000e+00   0.000000e+00   0.000000e+00  -0.000000e+00  -0.000000e+00  -0.000000e+00  -0.000000e+00
5.000000e-02   0.000000e+00   0.000000e+00  -0.000000e+00  -0.000000e+00  -0.000000e+00  -0.000000e+00
1.000000e-01   0.000000e+00   0.000000e+00  -0.000000e+00  -0.000000e+00  -0.000000e+00  -0.000000e+00
1.500000e-01   0.000000e+00   0.000000e+00  -0.000000e+00  -0.000000e+00  -0.000000e+00  -0.000000e+00
2.000000e-01   0.000000e+00   0.000000e+00  -0.000000e+00  -0.000000e+00  -0.000000e+00  -0.000000e+00
2.500000e-01  -3.479741e-67  -5.622544e-64   9.198739e-67   1.433059e-63   3.193333e-66   4.945279e-63
3.000000e-01  -1.908694e-57  -1.112091e-54   4.381178e-57   2.544119e-54   1.475564e-56   8.555653e-54
3.500000e-01  -1.335879e-50  -4.880560e-48   3.028032e-50   1.106420e-47   1.009123e-49   3.684054e-47
4.000000e-01  -3.059851e-45  -8.173745e-43   6.973175e-45   1.864728e-42   2.308794e-44   6.169805e-42
4.500000e-01  -7.396612e-41  -1.547485e-38   1.701961e-40   3.565852e-38   5.606474e-40   1.173869e-37
5.000000e-01  -3.435673e-37  -5.838281e-35   7.988763e-37   1.359724e-34   2.619414e-36   4.455205e-34
5.500000e-01  -4.387119e-34  -6.179746e-32   1.030616e-33   1.454239e-31   3.363423e-33   4.741931e-31
6.000000e-01  -1.947631e-31  -2.298984e-29   4.619543e-31   5.462743e-29   1.499916e-30   1.771810e-28
6.500000e-01  -3.542384e-29  -3.519500e-27   8.475852e-29   8.436550e-27   2.736109e-28   2.719611e-26
7.000000e-01  -2.978754e-27  -2.489638e-25   7.181356e-27   6.012711e-25   2.302629e-26   1.924263e-24
7.500000e-01  -1.271184e-25  -8.894679e-24   3.082661e-25   2.160051e-23   9.805928e-25   6.853175e-23
8.000000e-01  -2.968326e-24  -1.723386e-22   7.221548e-24   4.194840e-22   2.275759e-23   1.317149e-21
8.500000e-01  -4.041470e-23  -1.921200e-21   9.822026e-23   4.660874e-21   3.061874e-22   1.445708e-20
9.000000e-01  -3.391658e-22  -1.295409e-20   8.175770e-22   3.100680e-20   2.518188e-21   9.487065e-20
9.500000e-01  -1.843165e-21  -5.504340e-20   4.354493e-21   1.275199e-19   1.325071e-20   3.850019e-19
1.000000e+00  -6.775721e-21  -1.517776e-19   1.537005e-20   3.271462e-19   4.633849e-20   9.806471e-19
1.050000e+00  -1.750910e-20  -2.747733e-19   3.676048e-20   4.995561e-19   1.108515e-19   1.526551e-18
1.100000e+00  -3.297612e-20  -3.216769e-19   5.966126e-20   3.361629e-19   1.845295e-19   1.216640e-18
1.150000e+00  -4.733884e-20  -2.342487e-19   6.303819e-20  -2.476640e-19   2.138107e-19  -1.705170e-19
1.200000e+00  -5.601894e-20  -1.255811e-19   3.593239e-20  -7.632774e-19   1.678092e-19  -1.527916e-18
1.250000e+00  -6.204079e-20  -1.359987e-19  -2.070146e-21  -6.285089e-19   8.416634e-20  -1.538678e-18
1.300000e+00  -6.978459e-20  -1.486631e-19  -1.785685e-20   3.164360e-20   3.631688e-20  -2.419934e-19
1.350000e+00  -7.219910e-20   1.103178e-19  -1.964423e-21   5.207373e-19   6.007764e-20   1.064517e-18
1.400000e+00  -5.508435e-20   5.714740e-19   2.476227e-20   4.645849e-19   1.218569e-19   1.153823e-18
1.450000e+00  -2.054755e-20   7.070486e-19   4.037926e-20   1.644164e-19   1.560049e-19   1.208310e-19
1.500000e+00   4.435095e-21   1.966675e-19   4.493358e-20   7.114346e-20   1.393470e-19  -6.050403e-19
1.550000e+00  -4.434771e-21  -5.170829e-19   5.104117e-20   1.760775e-19   1.164060e-19  -1.464293e-19
1.600000e+00  -3.820017e-20  -7.059262e-19   5.906999e-20   8.314051e-20   1.280182e-19   5.083790e-19
1.650000e+00  -6.365267e-20  -2.311299e-19   5.414036e-20  -3.012608e-19   1.507097e-19   2.333685e-19
1.700000e+00  -5.870998e-20   4.036595e-19   3.168559e-20  -5.280632e-19   1.432219e-19  -5.214663e-19
1.750000e+00  -2.900585e-20   7.093463e-19   8.550725e-21  -3.449644e-19   1.059382e-19  -8.620350e-19
1.800000e+00   5.759498e-21   6.368173e-19  -1.841704e-21  -9.720461e-20   6.762106e-20  -5.681743e-19
1.850000e+00   3.358904e-20   4.978007e-19  -4.499609e-21  -3.060297e-20   5.667841e-20   1.577480e-19
1.900000e+00   5.926784e-20   5.651709e-19  -4.627420e-21   4.580282e-20   7.729200e-20   5.115427e-19
1.950000e+00   9.029890e-20   6.294080e-19   2.005869e-21   2.305740e-19   9.031477e-20  -1.138406e-19
2.000000e+00   1.127068e-19   1.224955e-19   1.829439e-20   3.991947e-19   6.861035e-20  -5.794693e-19
2.050000e+00   7.934169e-20  -1.948267e-18   3.114561e-20  -2.212092e-19   4.956723e-20  -1.789484e-19
2.100000e+00  -2.372890e-19  -1.501264e-17  -1.145598e-19  -8.561385e-18  -6.608169e-22  -3.312331e-18
2.150000e+00  -2.768674e-18  -1.215498e-16  -1.709570e-18  -7.805186e-17  -6.891761e-19  -3.437604e-17
2.200000e+00  -2.260836e-17  -9.276541e-16  -1.448075e-17  -5.968186e-16  -6.360136e-18  -2.662875e-16
2.250000e+00  -1.653547e-16  -6.465491e-15  -1.062086e-16  -4.152959e-15  -4.786074e-17  -1.894946e-15
2.300000e+00  -1.106623e-15  -4.138091e-14  -7.106043e-16  -2.656691e-14  -3.280589e-16  -1.242458e-14
2.350000e+00  -6.834578e-15  -2.448697e-13  -4.387030e-15  -1.571419e-13  -2.072904e-15  -7.519612e-14
2.400000e+00  -3.917503e-14  -1.345905e-12  -2.513489e-14  -8.633020e-13  -1.213880e-14  -4.221918e-13
2.450000e+00  -2.091376e-13  -6.888677e-12  -1.341183e-13  -4.416265e-12  -6.615941e-14  -2.206873e-12
2.500000e+00  -1.041752e-12  -3.286156e-11  -6.677073e-13  -2.105479e-11  -3.364783e-13  -1.075735e-11
2.550000e+00  -4.844713e-12  -1.460985e-10  -3.103310e-12  -9.354318e-11  -1.598560e-12  -4.890665e-11
2.600000e+00  -2.103548e-11  -6.051424e-10  -1.346488e-11  -3.871456e-10  -7.094579e-12  -2.072638e-10
2.650000e+00  -8.526905e-11  -2.334735e-09  -5.453575e-11  -1.492244e-09  -2.940367e-11  -8.182671e-10
2.700000e+00  -3.227343e-10  -8.391309e-09  -2.062113e-10  -5.357260e-09  -1.137729e-10  -3.008352e-09
2.750000e+00  -1.140991e-09  -2.810449e-08  -7.282108e-10  -1.791911e-08  -4.110044e-10  -1.029947e-08
2.800000e+00  -3.769995e-09  -8.774822e-08  -2.402955e-09  -5.586170e-08  -1.386573e-09  -3.284126e-08
2.850000e+00  -1.164842e-08  -2.554616e-07  -7.413396e-09  -1.623428e-07  -4.370138e-09  -9.754112e-08
2.900000e+00  -3.367194e-08  -6.935012e-07  -2.139292e-08  -4.398136e-07  -1.287209e-08  -2.698130e-07
2.950000e+00  -9.109453e-08  -1.755119e-06  -5.776192e-08  -1.110470e-06  -3.543926e-08  -6.947913e-07
3.000000e+00  -2.306936e-07  -4.139260e-06  -1.459538e-07  -2.611836e-06  -9.120277e-08  -1.664343e-06
3.050000e+00  -5.469797e-07  -9.092224e-06  -3.451851e-07  -5.719228e-06  -2.193669e-07  -3.705210e-06
3.100000e+00  -1.214483e-06  -1.859209e-05  -7.642405e-07  -1.165298e-05  -4.930741e-07  -7.657673e-06
3.150000e+00  -2.526129e-06  -3.537877e-05  -1.584521e-06  -2.208349e-05  -1.035634e-06  -1.467678e-05
3.200000e+00  -4.925475e-06  -6.264866e-05  -3.078467e-06  -3.892346e-05  -2.032944e-06  -2.606314e-05
3.250000e+00  -9.012658e-06  -1.033060e-04  -5.610786e-06  -6.384885e-05  -3.731755e-06  -4.286416e-05
3.300000e+00  -1.550429e-05  -1.589308e-04  -9.610823e-06  -9.766435e-05  -6.413461e-06  -6.532432e-05
3.350000e+00  -2.514599e-05  -2.290558e-04  -1.551670e-05  -1.398980e-04  -1.034247e-05  -9.249220e-05
3.400000e+00  -3.861645e-05  -3.117370e-04  -2.371738e-05  -1.892362e-04  -1.570927e-05  -1.224960e-04
3.450000e+00  -5.651413e-05  -4.064381e-04  -3.455046e-05  -2.454040e-04  -2.261488e-05  -1.539930e-04
3.500000e+00  -7.955961e-05  -5.198205e-04  -4.843754e-05  -3.128078e-04  -3.116226e-05  -1.889947e-04
3.550000e+00  -1.091627e-04  -6.745523e-04  -6.624666e-05  -4.059875e-04  -4.172013e-05  -2.368934e-04
3.600000e+00  -1.485134e-04  -9.216752e-04  -8.997891e-05  -5.572807e-04  -5.541573e-05  -3.196520e-04
3.650000e+00  -2.044260e-04  -1.358968e-03  -1.239251e-04  -8.283826e-04  -7.493522e-05  -4.792444e-04
3.700000e+00  -2.903372e-04  -2.159403e-03  -1.765545e-04  -1.328474e-03  -1.058044e-04  -7.899278e-04
3.750000e+00  -4.309975e-04  -3.609263e-03  -2.634813e-04  -2.238372e-03  -1.584445e-04  -1.376785e-03
3.800000e+00  -6.689618e-04  -6.135920e-03  -4.115517e-04  -3.827133e-03  -2.511882e-04  -2.432882e-03
3.850000e+00  -1.071140e-03  -1.026972e-02  -6.628630e-04  -6.424471e-03  -4.135965e-04  -4.207392e-03
3.900000e+00  -1.730109e-03  -1.645981e-02  -1.075216e-03  -1.029759e-02  -6.874892e-04  -6.917516e-03
3.950000e+00  -2.751683e-03  -2.471468e-02  -1.713508e-03  -1.541698e-02  -1.120911e-03  -1.055429e-02
4.000000e+00  -4.222689e-03  -3.421594e-02  -2.628453e-03  -2.121493e-02  -1.750798e-03  -1.464882e-02
4.050000e+00  -6.166184e-03  -4.327740e-02  -3.827988e-03  -2.658336e-02  -2.577187e-03  -1.821467e-02
4.100000e+00  -8.511363e-03  -5.000729e-02  -5.259677e-03  -3.033431e-02  -3.544477e-03  -2.011817e-02
4.150000e+00  -1.111272e-02  -5.352363e-02  -6.826107e-03  -3.199135e-02  -4.552296e-03  -1.984328e-02
4.200000e+00  -1.382616e-02  -5.481640e-02  -8.435859e-03  -3.228754e-02  -5.503871e-03  -1.809344e-02
4.250000e+00  -1.659638e-02  -5.621282e-02  -1.005735e-02  -3.271642e-02  -6.364099e-03  -1.647941e-02
4.300000e+00  -1.948017e-02  -5.950996e-02  -1.172736e-02  -3.429551e-02  -7.175428e-03  -1.623707e-02
4.350000e+00  -2.257456e-02  -6.438665e-02  -1.350098e-02  -3.669441e-02  -8.006517e-03  -1.708000e-02
4.400000e+00  -2.591111e-02  -6.881224e-02  -1.539050e-02  -3.873310e-02  -8.876275e-03  -1.750578e-02
4.450000e+00  -2.942051e-02  -7.118027e-02  -1.735669e-02  -3.975201e-02  -9.731158e-03  -1.642355e-02
4.500000e+00  -3.300069e-02  -7.187495e-02  -1.935657e-02  -4.022969e-02  -1.050124e-02  -1.432391e-02
4.550000e+00  -3.660836e-02  -7.256101e-02  -2.138426e-02  -4.095436e-02  -1.117034e-02  -1.260384e-02
4.600000e+00  -4.027374e-02  -7.421353e-02  -2.345756e-02  -4.199372e-02  -1.177943e-02  -1.190907e-02
4.650000e+00  -4.403788e-02  -7.635068e-02  -2.558123e-02  -4.290865e-02  -1.236751e-02  -1.158894e-02
4.700000e+00  -4.790348e-02  -7.820973e-02  -2.774651e-02  -4.373418e-02  -1.293053e-02  -1.083990e-02
4.750000e+00  -5.185834e-02  -8.006833e-02  -2.996383e-02  -4.510182e-02  -1.344771e-02  -9.889729e-03
4.800000e+00  -5.592730e-02  -8.292848e-02  -3.227114e-02  -4.731093e-02  -1.393186e-02  -9.664616e-03
4.850000e+00  -6.017407e-02  -8.712657e-02  -3.470084e-02  -4.987869e-02  -1.443258e-02  -1.051191e-02
4.900000e+00  -6.464836e-02  -9.182980e-02  -3.725619e-02  -5.230723e-02  -1.498928e-02  -1.173122e-02
4.950000e+00  -6.934914e-02  -9.609978e-02  -3.993282e-02  -5.482371e-02  -1.559733e-02  -1.248183e-02
5.000000e+00  -7.425365e-02  -1.001245e-01  -4.274895e-02  -5.794644e-02  -1.623067e-02  -1.285433e-02
5.050000e+00  -7.937665e-02  -1.050472e-01  -4.573766e-02  -6.167007e-02  -1.689187e-02  -1.376738e-02
5.100000e+00  -8.478715e-02  -1.116706e-01  -4.891902e-02  -6.559686e-02  -1.762776e-02  -1.587580e-02
5.150000e+00  -9.056818e-02  -1.197681e-01  -5.230021e-02  -6.972065e-02  -1.849521e-02  -1.892823e-02
5.200000e+00  -9.678041e-02  -1.289019e-01  -5.590333e-02  -7.458124e-02  -1.952741e-02  -2.242797e-02
5.250000e+00  -1.034828e-01  -1.395422e-01  -5.977790e-02  -8.060275e-02  -2.074991e-02  -2.667888e-02
5.300000e+00  -1.107768e-01  -1.526941e-01  -6.397978e-02  -8.758642e-02  -2.222425e-02  -3.265954e-02
5.350000e+00  -1.187909e-01  -1.680969e-01  -6.854088e-02  -9.482583e-02  -2.405079e-02  -4.069646e-02
5.400000e+00  -1.275792e-01  -1.829901e-01  -7.345084e-02  -1.013600e-01  -2.630874e-02  -4.960342e-02
5.450000e+00  -1.370083e-01  -1.929576e-01  -7.864641e-02  -1.060467e-01  -2.899297e-02  -5.744353e-02
5.500000e+00  -1.467300e-01  -1.942407e-01  -8.400663e-02  -1.077936e-01  -3.201690e-02  -6.316232e-02
5.550000e+00  -1.562699e-01  -1.858020e-01  -8.936928e-02  -1.061600e-01  -3.528785e-02  -6.765718e-02
5.600000e+00  -1.651865e-01  -1.699474e-01  -9.457785e-02  -1.018455e-01  -3.880827e-02  -7.374149e-02
5.650000e+00  -1.732163e-01  -1.511435e-01  -9.953484e-02  -9.636756e-02  -4.274990e-02  -8.512022e-02
5.700000e+00  -1.803198e-01  -1.333764e-01  -1.042152e-01  -9.086527e-02  -4.745442e-02  -1.045189e-01
5.750000e+00  -1.865895e-01  -1.176492e-01  -1.086159e-01  -8.498386e-02  -5.333218e-02  -1.316864e-01
5.800000e+00  -1.920862e-01  -1.020194e-01  -1.126815e-01  -7.718415e-02  -6.068962e-02  -1.628185e-01
5.850000e+00  -1.967637e-01  -8.486450e-02  -1.162876e-01  -6.664661e-02  -6.958544e-02  -1.922535e-01
5.900000e+00  -2.005835e-01  -6.852296e-02  -1.193261e-01  -5.496731e-02  -7.980596e-02  -2.151694e-01
5.950000e+00  -2.037322e-01  -5.920346e-02  -1.218226e-01  -4.558264e-02  -9.095123e-02  -2.289817e-01
6.000000e+00  -2.067150e-01  -6.247186e-02  -1.239701e-01  -4.130224e-02  -1.025378e-01  -2.327288e-01
6.050000e+00  -2.101928e-01  -7.845349e-02  -1.260462e-01  -4.262130e-02  -1.140540e-01  -2.262193e-01
6.100000e+00  -2.146771e-01  -1.014501e-01  -1.283056e-01  -4.838883e-02  -1.250128e-01  -2.109428e-01
6.150000e+00  -2.203287e-01  -1.239864e-01  -1.309368e-01  -5.729006e-02  -1.350850e-01  -1.919565e-01
6.200000e+00  -2.269804e-01  -1.408574e-01  -1.340632e-01  -6.788011e-02  -1.442834e-01  -1.774785e-01
6.250000e+00  -2.342839e-01  -1.498809e-01  -1.377107e-01  -7.758021e-02  -1.530285e-01  -1.746345e-01
6.300000e+00  -2.418349e-01  -1.508841e-01  -1.417507e-01  -8.306289e-02  -1.619611e-01  -1.845184e-01
6.350000e+00  -2.492746e-01  -1.461045e-01  -1.459175e-01  -8.264904e-02  -1.715982e-01  -2.014579e-01
6.400000e+00  -2.564458e-01  -1.414420e-01  -1.499471e-01  -7.817905e-02  -1.820877e-01  -2.173490e-01
6.450000e+00  -2.635521e-01  -1.447279e-01  -1.537389e-01  -7.388889e-02  -1.932262e-01  -2.269472e-01
6.500000e+00  -2.711234e-01  -1.601115e-01  -1.573979e-01  -7.324032e-02  -2.046716e-01  -2.299585e-01
6.550000e+00  -2.797006e-01  -1.835897e-01  -1.611354e-01  -7.690202e-02  -2.161683e-01  -2.297519e-01
6.600000e+00  -2.894521e-01  -2.053176e-01  -1.651345e-01  -8.336114e-02  -2.276721e-01  -2.310538e-01
6.650000e+00  -3.000718e-01  -2.176413e-01  -1.694841e-01  -9.060044e-02  -2.393682e-01  -2.380044e-01
6.700000e+00  -3.110697e-01  -2.213523e-01  -1.741790e-01  -9.691344e-02  -2.515970e-01  -2.523603e-01
6.750000e+00  -3.221941e-01  -2.242726e-01  -1.791384e-01  -1.010094e-01  -2.646960e-01  -2.721657e-01
6.800000e+00  -3.336170e-01  -2.342590e-01  -1.842371e-01  -1.025743e-01  -2.788245e-01  -2.926790e-01
6.850000e+00  -3.457828e-01  -2.539393e-01  -1.893778e-01  -1.031064e-01  -2.939152e-01  -3.104578e-01
6.900000e+00  -3.591384e-01  -2.813179e-01  -1.945798e-01  -1.055577e-01  -3.098583e-01  -3.277156e-01
6.950000e+00  -3.739885e-01  -3.131775e-01  -2.000046e-01  -1.121990e-01  -3.267988e-01  -3.516949e-01
7.000000e+00  -3.904700e-01  -3.457588e-01  -2.058554e-01  -1.220682e-01  -3.452283e-01  -3.874368e-01
7.050000e+00  -4.084645e-01  -3.721229e-01  -2.121828e-01  -1.301222e-01  -3.656571e-01  -4.297155e-01
7.100000e+00  -4.274018e-01  -3.815438e-01  -2.187199e-01  -1.293047e-01  -3.880501e-01  -4.629049e-01
7.150000e+00  -4.461921e-01  -3.655262e-01  -2.248874e-01  -1.150525e-01  -4.115348e-01  -4.716064e-01
7.200000e+00  -4.635756e-01  -3.270919e-01  -2.300370e-01  -8.966864e-02  -4.347732e-01  -4.544941e-01
7.250000e+00  -4.788060e-01  -2.830012e-01  -2.338228e-01  -6.240451e-02  -4.568298e-01  -4.282404e-01
7.300000e+00  -4.921096e-01  -2.525488e-01  -2.364126e-01  -4.302189e-02  -4.778156e-01  -4.146385e-01
7.350000e+00  -5.043881e-01  -2.412244e-01  -2.382909e-01  -3.332493e-02  -4.986283e-01  -4.204567e-01
7.400000e+00  -5.163493e-01  -2.368964e-01  -2.397834e-01  -2.594187e-02  -5.199411e-01  -4.309112e-01
7.450000e+00  -5.279369e-01  -2.246085e-01  -2.407915e-01  -1.324639e-02  -5.414591e-01  -4.262865e-01
7.500000e+00  -5.386551e-01  -2.034360e-01  -2.410320e-01   3.821830e-03  -5.622673e-01  -4.040765e-01
7.550000e+00  -5.483285e-01  -1.849835e-01  -2.404486e-01   1.871788e-02  -5.818374e-01  -3.799605e-01
7.600000e+00  -5.573294e-01  -1.766425e-01  -2.392289e-01   2.976464e-02  -6.004554e-01  -3.667188e-01
7.650000e+00  -5.660679e-01  -1.727382e-01  -2.374435e-01   4.245772e-02  -6.186028e-01  -3.587782e-01
7.700000e+00  -5.745270e-01  -1.646611e-01  -2.348944e-01   6.018442e-02  -6.361713e-01  -3.414609e-01
7.750000e+00  -5.824912e-01  -1.543461e-01  -2.314165e-01   7.840278e-02  -6.525120e-01  -3.103625e-01
7.800000e+00  -5.901013e-01  -1.522879e-01  -2.271368e-01   9.195361e-02  -6.671378e-01  -2.750129e-01
7.850000e+00  -5.979574e-01  -1.641817e-01  -2.222549e-01   1.036196e-01  -6.801030e-01  -2.445891e-01
7.900000e+00  -6.066718e-01  -1.852554e-01  -2.166937e-01   1.199417e-01  -6.916307e-01  -2.158964e-01
7.950000e+00  -6.165277e-01  -2.094478e-01  -2.101698e-01   1.415546e-01  -7.015291e-01  -1.775004e-01
8.000000e+00  -6.277265e-01  -2.406383e-01  -2.025270e-01   1.640250e-01  -7.091071e-01  -1.229851e-01
8.050000e+00  -6.409077e-01  -2.907670e-01  -1.937653e-01   1.868486e-01  -7.136456e-01  -5.766897e-02
8.100000e+00  -6.572235e-01  -3.657130e-01  -1.837572e-01   2.146710e-01  -7.148890e-01   6.840636e-03
8.150000e+00  -6.777161e-01  -4.545677e-01  -1.721950e-01   2.483892e-01  -7.131408e-01   6.052106e-02
8.200000e+00  -7.025309e-01  -5.345052e-01  -1.589497e-01   2.800737e-01  -7.091739e-01   9.351889e-02
8.250000e+00  -7.306844e-01  -5.857050e-01  -1.444141e-01   2.981573e-01  -7.043852e-01   9.035395e-02
8.300000e+00  -7.605016e-01  -6.009790e-01  -1.295088e-01   2.936085e-01  -7.009785e-01   3.709589e-02
8.350000e+00  -7.902701e-01  -5.855750e-01  -1.155384e-01   2.596453e-01  -7.013876e-01  -5.812246e-02
8.400000e+00  -8.188116e-01  -5.555272e-01  -1.041350e-01   1.900102e-01  -7.068593e-01  -1.571531e-01
8.450000e+00  -8.459875e-01  -5.353085e-01  -9.716507e-02   8.275770e-02  -7.163821e-01  -2.134101e-01
8.500000e+00  -8.728272e-01  -5.433743e-01  -9.632538e-02  -5.215219e-02  -7.270909e-01  -2.037702e-01
8.550000e+00  -9.006408e-01  -5.693412e-01  -1.024137e-01  -1.886496e-01  -7.358603e-01  -1.404214e-01
8.600000e+00  -9.293801e-01  -5.723441e-01  -1.145957e-01  -2.891943e-01  -7.407972e-01  -5.659447e-02
8.650000e+00  -9.568763e-01  -5.166201e-01  -1.301605e-01  -3.194892e-01  -7.417059e-01   1.654279e-02
8.700000e+00  -9.802232e-01  -4.131309e-01  -1.451767e-01  -2.681532e-01  -7.395934e-01   6.286374e-02
8.750000e+00  -9.983642e-01  -3.202985e-01  -1.559883e-01  -1.578988e-01  -7.359064e-01   7.994153e-02
8.800000e+00  -1.013441e+00  -2.975166e-01  -1.607791e-01  -3.629514e-02  -7.319902e-01   7.348533e-02
8.850000e+00  -1.029445e+00  -3.529080e-01  -1.602460e-01   4.795119e-02  -7.287828e-01   5.333272e-02
8.900000e+00  -1.049163e+00  -4.337740e-01  -1.571026e-01   6.545780e-02  -7.267415e-01   2.789244e-02
8.950000e+00  -1.072089e+00  -4.719631e-01  -1.548093e-01   1.695479e-02  -7.259924e-01   2.731846e-03
9.000000e+00  -1.095229e+00  -4.440530e-01  -1.559536e-01  -6.392524e-02  -7.262945e-01  -1.164625e-02
9.050000e+00  -1.115993e+00  -3.863280e-01  -1.608686e-01  -1.251928e-01  -7.267312e-01  -7.968586e-04
9.100000e+00  -1.134254e+00  -3.508922e-01  -1.675238e-01  -1.304811e-01  -7.259528e-01   3.465086e-02
9.150000e+00  -1.151764e+00  -3.552506e-01  -1.730264e-01  -8.285704e-02  -7.232421e-01   7.153437e-02
9.200000e+00  -1.170089e+00  -3.783035e-01  -1.754575e-01  -1.394033e-02  -7.191907e-01   8.546672e-02
9.250000e+00  -1.189461e+00  -3.941759e-01  -1.746572e-01   4.094013e-02  -7.151804e-01   7.057829e-02
9.300000e+00  -1.209292e+00  -3.976524e-01  -1.720419e-01   5.530961e-02  -7.124367e-01   3.761358e-02
9.350000e+00  -1.229188e+00  -3.985343e-01  -1.699418e-01   2.143107e-02  -7.113771e-01   7.303917e-03
9.400000e+00  -1.249187e+00  -4.013673e-01  -1.703278e-01  -3.762207e-02  -7.112947e-01   1.173612e-03
9.450000e+00  -1.269212e+00  -3.973142e-01  -1.733981e-01  -7.871592e-02  -7.108236e-01   2.034783e-02
9.500000e+00  -1.288635e+00  -3.767045e-01  -1.774074e-01  -7.318675e-02  -7.092687e-01   3.907917e-02
9.550000e+00  -1.306709e+00  -3.462643e-01  -1.800466e-01  -2.805566e-02  -7.073349e-01   3.353327e-02
9.600000e+00  -1.323467e+00  -3.280272e-01  -1.801375e-01   2.139777e-02  -7.062802e-01   6.372876e-03
9.650000e+00  -1.339976e+00  -3.368364e-01  -1.785307e-01   3.393230e-02  -7.067763e-01  -2.587803e-02
9.700000e+00  -1.357410e+00  -3.606081e-01  -1.776419e-01  -6.064233e-03  -7.087678e-01  -5.222101e-02
9.750000e+00  -1.375776e+00  -3.691260e-01  -1.794978e-01  -6.704415e-02  -7.118075e-01  -6.713787e-02
9.800000e+00  -1.393772e+00  -3.456153e-01  -1.838129e-01  -9.715824e-02  -7.152882e-01  -7.081769e-02
9.850000e+00  -1.410064e+00  -3.062149e-01  -1.884024e-01  -7.998979e-02  -7.188894e-01  -7.455823e-02
9.900000e+00  -1.424700e+00  -2.847958e-01  -1.915242e-01  -4.542883e-02  -7.229499e-01  -9.013182e-02
9.950000e+00  -1.439165e+00  -2.997369e-01  -1.932354e-01  -2.738786e-02  -7.280532e-01  -1.145510e-01
1.000000e+01  -1.455040e+00  -3.360914e-01  -1.946926e-01  -3.480339e-02  -7.343771e-01  -1.376488e-01
1.005000e+01  -1.472549e+00  -3.593124e-01  -1.970004e-01  -5.929697e-02  -7.417455e-01  -1.564263e-01
1.010000e+01  -1.490401e+00  -3.494252e-01  -2.006650e-01  -8.630793e-02  -7.499413e-01  -1.702216e-01
1.015000e+01  -1.507190e+00  -3.219209e-01  -2.054147e-01  -1.005427e-01  -7.586142e-01  -1.750402e-01
1.020000e+01  -1.522815e+00  -3.067486e-01  -2.103963e-01  -9.570038e-02  -7.673501e-01  -1.745199e-01
1.025000e+01  -1.538167e+00  -3.087848e-01  -2.147716e-01  -7.812863e-02  -7.761850e-01  -1.806550e-01
1.030000e+01  -1.553630e+00  -3.075996e-01  -2.182045e-01  -6.028961e-02  -7.855205e-01  -1.923638e-01
1.035000e+01  -1.568735e+00  -2.958126e-01  -2.210055e-01  -5.458529e-02  -7.952061e-01  -1.915312e-01
1.040000e+01  -1.583289e+00  -2.881487e-01  -2.239319e-01  -6.445899e-02  -8.043526e-01  -1.724063e-01
1.045000e+01  -1.597652e+00  -2.855037e-01  -2.274825e-01  -7.601091e-02  -8.124905e-01  -1.558361e-01
1.050000e+01  -1.611516e+00  -2.638920e-01  -2.312520e-01  -7.137618e-02  -8.203038e-01  -1.603209e-01
1.055000e+01  -1.623559e+00  -2.146902e-01  -2.343771e-01  -5.267665e-02  -8.287148e-01  -1.759997e-01
1.060000e+01  -1.633013e+00  -1.672372e-01  -2.365887e-01  -3.766065e-02  -8.377231e-01  -1.814845e-01
1.065000e+01  -1.640860e+00  -1.532299e-01  -2.383264e-01  -3.300868e-02  -8.466111e-01  -1.723214e-01
1.070000e+01  -1.648818e+00  -1.673799e-01  -2.398803e-01  -2.790728e-02  -8.549051e-01  -1.599606e-01
1.075000e+01  -1.657508e+00  -1.765098e-01  -2.409533e-01  -1.352144e-02  -8.627100e-01  -1.534610e-01
1.080000e+01  -1.665974e+00  -1.568438e-01  -2.411804e-01   3.806084e-03  -8.703458e-01  -1.525196e-01
1.085000e+01  -1.672843e+00  -1.169102e-01  -2.407195e-01   1.280257e-02  -8.779608e-01  -1.515017e-01
1.090000e+01  -1.677865e+00  -8.877082e-02  -2.400101e-01   1.568416e-02  -8.854018e-01  -1.450448e-01
1.095000e+01  -1.682293e+00  -9.384753e-02  -2.390078e-01   2.677149e-02  -8.924000e-01  -1.349877e-01
1.100000e+01  -1.687548e+00  -1.161612e-01  -2.371395e-01   4.868000e-02  -8.990081e-01  -1.312755e-01
1.105000e+01  -1.693604e+00  -1.211304e-01  -2.342555e-01   6.383368e-02  -9.057273e-01  -1.390354e-01
1.110000e+01  -1.699228e+00  -1.013008e-01  -2.310710e-01   6.101791e-02  -9.129427e-01  -1.485640e-01
1.115000e+01  -1.703763e+00  -8.276696e-02  -2.282196e-01   5.432477e-02  -9.204065e-01  -1.480501e-01
1.120000e+01  -1.707829e+00  -8.250808e-02  -2.254010e-01   6.107749e-02  -9.276471e-01  -1.418472e-01
1.125000e+01  -1.712087e+00  -8.675975e-02  -2.219506e-01   7.722760e-02  -9.347317e-01  -1.436035e-01
1.130000e+01  -1.716339e+00  -8.203832e-02  -2.177616e-01   8.883754e-02  -9.421652e-01  -1.543305e-01
1.135000e+01  -1.720302e+00  -7.785366e-02  -2.131993e-01   9.271986e-02  -9.500997e-01  -1.614193e-01
1.140000e+01  -1.724267e+00  -8.120915e-02  -2.085380e-01   9.346523e-02  -9.581398e-01  -1.589782e-01
1.145000e+01  -1.728277e+00  -7.584180e-02  -2.038868e-01   9.205171e-02  -9.659755e-01  -1.551244e-01
1.150000e+01  -1.731476e+00  -4.909879e-02  -1.993910e-01   8.731331e-02  -9.737466e-01  -1.564415e-01
1.155000e+01  -1.733120e+00  -1.865957e-02  -1.951579e-01   8.256299e-02  -9.816073e-01  -1.568822e-01
1.160000e+01  -1.733714e+00  -9.540022e-03  -1.910306e-01   8.386454e-02  -9.892619e-01  -1.472906e-01
1.165000e+01  -1.734371e+00  -1.749756e-02  -1.866796e-01   9.019250e-02  -9.961890e-01  -1.291671e-01
1.170000e+01  -1.735297e+00  -1.597409e-02  -1.821582e-01   8.754279e-02  -1.002226e+00  -1.137864e-01
1.175000e+01  -1.735617e+00   5.615057e-03  -1.783247e-01   6.160493e-02  -1.007750e+00  -1.089455e-01
1.180000e+01  -1.734728e+00   2.748539e-02  -1.762523e-01   2.119735e-02  -1.013210e+00  -1.092311e-01
1.185000e+01  -1.733260e+00   2.674571e-02  -1.759218e-01  -2.565841e-03  -1.018547e+00  -1.022253e-01
1.190000e+01  -1.732360e+00   8.361872e-03  -1.759192e-01   7.792521e-03  -1.023256e+00  -8.510982e-02
1.195000e+01  -1.732268e+00  -1.124462e-03  -1.749256e-01   3.074768e-02  -1.027085e+00  -6.960650e-02
1.200000e+01  -1.732081e+00   1.187493e-02  -1.732275e-01   3.183092e-02  -1.030425e+00  -6.608029e-02
