# problem = TPV10
# author = BradAagaard
# date = 2008-11-09
# code = EqSim
# code_version = 0.6.6
# element_size = 100m
# time_step =   5.000000E-02
# num_timesteps =      301
# location = -3.0 km off fault, 0.0 km along strike and -0.0 km depth
# Time series in 7 columns of E14.6:
# Column #1 = time (s)
# Column #2 = horizontal fault-parallel displacement (m)
# Column #3 = horizontal fault-parallel velocity (m/s)
# Column #4 = vertical displacement (m)
# Column #5 = vertical velocity (m/s)
# Column #6 = horizontal fault-normal displacement (m)
# Column #7 = horizontal fault-normal velocity (m/s)
#
# Data fields
# t h-disp h-vel v-disp v-vel n-disp n-vel
0.000000E+00   0.000000E+00   0.000000E+00  -0.000000E+00  -0.000000E+00  -0.000000E+00  -0.000000E+00
5.000000E-02   0.000000E+00  -2.568395E-36  -0.000000E+00   1.023870E-36  -0.000000E+00   1.005964E-36
1.000000E-01  -2.568395E-37  -1.078323E-30   1.023870E-37   4.274704E-30   1.005964E-37   7.966014E-30
1.500000E-01  -1.078323E-31  -5.433082E-27   4.274704E-31  -4.335752E-27   7.966014E-31  -7.961002E-27
2.000000E-01  -5.433083E-28   7.568446E-25  -4.335752E-28   1.162159E-24  -7.961001E-28   2.098892E-24
2.500000E-01   7.568436E-26   4.853945E-22   1.162163E-25   7.350964E-23   2.098900E-25   1.570166E-21
3.000000E-01   4.853891E-23   6.327331E-20   7.350531E-24   8.498434E-20   1.570158E-22   1.543291E-18
3.500000E-01   6.327407E-21  -2.467800E-19   8.498551E-21   4.189397E-17   1.543294E-19   4.457353E-16
4.000000E-01  -2.462946E-20  -6.570012E-17   4.189404E-18   4.590477E-15   4.457368E-17   3.119847E-14
4.500000E-01  -6.563684E-18  -2.676328E-15   4.590562E-16   1.147536E-13   3.120002E-15   5.807700E-13
5.000000E-01  -2.676574E-16  -5.118467E-14   1.147955E-14   7.436498E-13   5.812158E-14   3.105318E-12
5.500000E-01  -5.125030E-15  -2.389191E-13   7.482404E-14   1.335257E-12   3.136518E-13   5.426912E-12
6.000000E-01  -2.415957E-14  -6.562784E-13   1.450052E-13   6.817015E-13   6.008127E-13   4.643697E-12
6.500000E-01  -7.075287E-14  -1.577036E-12   1.429942E-13   1.951413E-13   7.780215E-13   5.434935E-12
7.000000E-01  -1.818632E-13  -3.627224E-12   1.645194E-13  -3.514680E-12   1.144306E-12  -3.716614E-12
7.500001E-01  -4.334753E-13  -3.219203E-12  -2.084738E-13  -9.544118E-12   4.063601E-13  -1.304192E-11
8.000001E-01  -5.037835E-13  -2.348305E-12  -7.898924E-13  -1.184002E-11  -1.598855E-13  -1.572581E-11
8.500000E-01  -6.683059E-13   1.682535E-12  -1.392475E-12  -5.934018E-13  -1.166221E-12   8.034833E-12
9.000000E-01  -3.355300E-13   1.167722E-12  -8.492326E-13   1.114626E-11   6.435978E-13   2.496408E-11
9.500000E-01  -5.515336E-13  -5.866218E-13  -2.778489E-13  -9.464905E-12   1.330187E-12  -1.135799E-11
1.000000E+00  -3.941922E-13   7.571769E-13  -1.795723E-12  -3.564440E-11  -4.922011E-13  -2.131914E-11
1.050000E+00  -4.758159E-13   6.325420E-12  -3.842288E-12   1.095633E-11  -8.017273E-13   5.480064E-12
1.100000E+00   2.383499E-13   3.702789E-12  -7.000896E-13   4.599205E-11   5.580519E-14   3.913340E-11
1.150000E+00  -1.055371E-13   4.800551E-12   7.569164E-13  -2.698965E-12   3.111613E-12   1.617248E-11
1.200000E+00   7.184050E-13   7.117887E-12  -9.699861E-13   1.699233E-11   1.673053E-12   3.361043E-11
1.250000E+00   6.062516E-13   8.049152E-12   2.456150E-12   6.548401E-11   6.472656E-12   8.346863E-11
1.300000E+00   1.523320E-12   1.190320E-11   5.578415E-12   8.662493E-12   1.001992E-11   3.152117E-11
1.350000E+00   1.796571E-12   9.086645E-12   3.322399E-12  -6.657098E-11   9.624773E-12  -3.687056E-11
1.400000E+00   2.431985E-12  -2.732828E-12  -1.078682E-12  -1.047574E-10   6.332860E-12  -1.180205E-10
1.450000E+00   1.523289E-12  -1.550211E-11  -7.153340E-12  -5.285779E-11  -2.177272E-12  -6.152504E-11
1.500000E+00   8.817736E-13  -3.746028E-12  -6.364462E-12   8.357762E-11   1.803571E-13   1.019811E-10
1.550000E+00   1.148686E-12  -1.164337E-11   1.204422E-12   6.090715E-11   8.020840E-12   5.858567E-11
1.600000E+00  -2.825632E-13  -2.734895E-11  -2.737461E-13  -1.702024E-13   6.038924E-12  -2.702974E-11
1.650000E+00  -1.586209E-12   5.838515E-13   1.187402E-12   2.588295E-12   5.317866E-12  -1.786418E-11
1.700000E+00  -2.241779E-13  -1.753159E-11  -1.491667E-14  -4.185918E-11   4.252506E-12  -2.956543E-11
1.750000E+00  -3.339369E-12  -7.921381E-12  -2.998516E-12  -2.801167E-11   2.361323E-12  -1.293755E-11
1.800000E+00  -1.016316E-12   2.200489E-11  -2.816084E-12   2.468278E-11   2.958752E-12   1.940762E-11
1.850000E+00  -1.138880E-12  -7.975218E-14  -5.302373E-13  -6.614496E-11   4.302085E-12  -9.039944E-11
1.900000E+00  -1.024291E-12  -8.034439E-11  -9.430580E-12  -2.586479E-09  -6.081192E-12  -2.117108E-09
1.950000E+00  -9.173319E-12  -7.705894E-10  -2.591781E-10  -4.803239E-08  -2.074087E-10  -3.870279E-08
2.000000E+00  -7.808323E-11  -7.438304E-09  -4.812670E-09  -6.110389E-07  -3.876360E-09  -4.934354E-07
2.050000E+00  -7.530038E-10  -4.675601E-08  -6.136307E-08  -5.308964E-06  -4.955095E-08  -4.325272E-06
2.100000E+00  -4.753684E-09  -1.993462E-07  -5.357091E-07  -3.139604E-05  -4.364035E-07  -2.589147E-05
2.150000E+00  -2.068763E-08  -5.548721E-07  -3.200967E-06  -1.265648E-04  -2.638698E-06  -1.053948E-04
2.200000E+00  -6.024089E-08  -8.002987E-07  -1.319219E-05  -3.541546E-04  -1.097588E-05  -2.937746E-04
2.250000E+00  -1.007175E-07   6.741479E-08  -3.861642E-05  -7.307284E-04  -3.201616E-05  -5.862419E-04
2.300000E+00  -5.349941E-08   1.302853E-06  -8.626503E-05  -1.265196E-03  -6.960007E-05  -9.539044E-04
2.350000E+00   2.956782E-08  -5.807948E-07  -1.651361E-04  -2.130146E-03  -1.274066E-04  -1.533403E-03
2.400000E+00  -1.115789E-07  -3.767386E-06  -2.992796E-04  -3.673235E-03  -2.229404E-04  -2.612541E-03
2.450000E+00  -3.471708E-07  -5.673490E-06  -5.324596E-04  -6.445398E-03  -3.886607E-04  -4.569992E-03
2.500000E+00  -6.789279E-07  -1.179592E-05  -9.438194E-04  -1.151951E-02  -6.799396E-04  -8.202707E-03
2.550000E+00  -1.526762E-06  -1.898746E-05  -1.684411E-03  -2.047915E-02  -1.208931E-03  -1.464880E-02
2.600000E+00  -2.577674E-06  -1.263687E-05  -2.991734E-03  -3.383141E-02  -2.144819E-03  -2.399810E-02
2.650000E+00  -2.790450E-06   1.572462E-05  -5.067552E-03  -4.714520E-02  -3.608742E-03  -3.186725E-02
2.700000E+00  -1.005212E-06   3.874582E-05  -7.706254E-03  -5.187837E-02  -5.331544E-03  -2.976027E-02
2.750000E+00   1.084132E-06  -3.719186E-06  -1.025539E-02  -4.827039E-02  -6.584769E-03  -1.871587E-02
2.800000E+00  -1.377131E-06  -5.833367E-05  -1.253329E-02  -4.747555E-02  -7.203131E-03  -1.243591E-02
2.850000E+00  -4.749235E-06  -1.703578E-05  -1.500295E-02  -5.038742E-02  -7.828360E-03  -1.140719E-02
2.900000E+00  -3.080710E-06  -1.366759E-04  -1.757203E-02  -4.999752E-02  -8.343850E-03  -6.247570E-03
2.950000E+00  -1.841683E-05  -2.224419E-04  -2.000270E-02  -5.077583E-02  -8.453117E-03  -3.444133E-03
3.000000E+00  -2.532490E-05   1.395867E-04  -2.264962E-02  -5.544367E-02  -8.688264E-03  -3.462369E-03
3.050000E+00  -4.458155E-06   1.835773E-04  -2.554706E-02  -5.775003E-02  -8.799354E-03  -7.203640E-04
3.100000E+00  -6.967166E-06  -2.432211E-04  -2.842462E-02  -6.055182E-02  -8.760300E-03  -3.372829E-03
3.150000E+00  -2.878026E-05  -1.152000E-04  -3.160224E-02  -6.688846E-02  -9.136637E-03  -5.300650E-03
3.200000E+00  -1.848716E-05   3.726936E-04  -3.511347E-02  -7.080628E-02  -9.290366E-03  -3.196665E-03
3.250000E+00   8.489101E-06   5.185119E-05  -3.868287E-02  -7.455483E-02  -9.456303E-03  -5.224498E-03
3.300000E+00  -1.330204E-05  -1.854110E-04  -4.256895E-02  -8.114220E-02  -9.812815E-03  -6.653524E-03
3.350000E+00  -1.005200E-05   3.528862E-05  -4.679710E-02  -8.738177E-02  -1.012166E-02  -1.026628E-02
3.400000E+00  -9.773182E-06  -1.744927E-04  -5.130713E-02  -9.406908E-02  -1.083944E-02  -1.493366E-02
3.450000E+00  -2.750128E-05  -4.158352E-04  -5.620400E-02  -1.017229E-01  -1.161502E-02  -1.686271E-02
3.500000E+00  -5.135670E-05  -2.784295E-04  -6.147942E-02  -1.085598E-01  -1.252571E-02  -2.021058E-02
3.550000E+00  -5.534423E-05   6.085032E-05  -6.705999E-02  -1.167346E-01  -1.363608E-02  -2.436228E-02
3.600000E+00  -4.527167E-05  -5.231723E-05  -7.315288E-02  -1.294982E-01  -1.496194E-02  -3.257038E-02
3.650000E+00  -6.057596E-05   1.071796E-04  -8.000980E-02  -1.408208E-01  -1.689312E-02  -4.066018E-02
3.700000E+00  -3.455371E-05   5.854736E-05  -8.723496E-02  -1.478823E-01  -1.902796E-02  -4.290774E-02
3.750000E+00  -5.472122E-05  -3.795052E-04  -9.479804E-02  -1.572402E-01  -2.118389E-02  -4.775031E-02
3.800000E+00  -7.250423E-05  -3.803646E-04  -1.029590E-01  -1.670058E-01  -2.380299E-02  -5.332214E-02
3.850000E+00  -9.275768E-05  -4.176352E-04  -1.114986E-01  -1.740165E-01  -2.651611E-02  -5.453347E-02
3.900000E+00  -1.142678E-04  -5.539050E-04  -1.203606E-01  -1.840914E-01  -2.925634E-02  -5.673457E-02
3.950000E+00  -1.481482E-04  -1.854389E-04  -1.299078E-01  -1.899380E-01  -3.218956E-02  -5.448263E-02
4.000000E+00  -1.328116E-04   1.410688E-04  -1.393544E-01  -1.816573E-01  -3.470460E-02  -5.215330E-02
4.050000E+00  -1.340413E-04   1.932751E-04  -1.480735E-01  -1.675881E-01  -3.740489E-02  -7.431115E-02
4.100000E+00  -1.134841E-04   2.512310E-04  -1.561132E-01  -1.402413E-01  -4.213572E-02  -1.318441E-01
4.150000E+00  -1.089182E-04  -1.022054E-04  -1.620976E-01  -8.583434E-02  -5.058931E-02  -2.157084E-01
4.200000E+00  -1.237047E-04  -1.275810E-05  -1.646967E-01  -2.230115E-02  -6.370655E-02  -2.907752E-01
4.250000E+00  -1.101940E-04   2.424802E-04  -1.643277E-01   1.896195E-02  -7.966682E-02  -3.120704E-01
4.300000E+00  -9.945667E-05   7.995761E-04  -1.628005E-01   2.138034E-02  -9.491359E-02  -2.798185E-01
4.350000E+00  -3.023641E-05   1.409594E-03  -1.621897E-01  -6.901771E-03  -1.076487E-01  -2.321602E-01
4.400000E+00   4.150270E-05  -1.093282E-04  -1.634907E-01  -4.025809E-02  -1.181296E-01  -2.044185E-01
4.450000E+00  -4.116924E-05  -1.249326E-03  -1.662155E-01  -5.952805E-02  -1.280905E-01  -2.016573E-01
4.500000E+00  -8.342992E-05  -9.158408E-04  -1.694435E-01  -6.751709E-02  -1.382954E-01  -2.074794E-01
4.550000E+00  -1.327533E-04  -3.258809E-04  -1.729672E-01  -7.888012E-02  -1.488385E-01  -2.250291E-01
4.600000E+00  -1.160180E-04   7.652641E-04  -1.773315E-01  -8.914769E-02  -1.607983E-01  -2.544127E-01
4.650000E+00  -5.622691E-05   2.886711E-04  -1.818820E-01  -8.764781E-02  -1.742797E-01  -2.871899E-01
4.700000E+00  -8.715090E-05  -1.561366E-04  -1.860963E-01  -8.731090E-02  -1.895173E-01  -3.246880E-01
4.750000E+00  -7.184057E-05  -9.720428E-04  -1.906131E-01  -8.816339E-02  -2.067485E-01  -3.550982E-01
4.800000E+00  -1.843552E-04  -1.365052E-03  -1.949126E-01  -7.554963E-02  -2.250271E-01  -3.793725E-01
4.850000E+00  -2.083458E-04  -2.181254E-04  -1.981680E-01  -5.734749E-02  -2.446858E-01  -4.115300E-01
4.900000E+00  -2.061677E-04  -6.111499E-05  -2.006473E-01  -4.611418E-02  -2.661801E-01  -4.416892E-01
4.950000E+00  -2.144572E-04   2.888982E-04  -2.027795E-01  -3.488474E-02  -2.888547E-01  -4.675610E-01
5.000000E+00  -1.772779E-04   7.016670E-04  -2.041358E-01  -1.947351E-02  -3.129362E-01  -4.878713E-01
5.050000E+00  -1.442905E-04   1.067659E-03  -2.047268E-01  -6.793141E-03  -3.376418E-01  -4.909699E-01
5.100000E+00  -7.051200E-05   1.743406E-03  -2.048151E-01   1.785755E-03  -3.620332E-01  -4.783246E-01
5.150000E+00   3.005006E-05   9.275760E-04  -2.045482E-01   9.525344E-03  -3.854743E-01  -4.562701E-01
5.200000E+00   2.224560E-05   1.555411E-04  -2.038626E-01   8.747429E-03  -4.076602E-01  -4.312606E-01
5.250000E+00   4.560416E-05   1.124603E-03  -2.036735E-01   9.545684E-04  -4.286004E-01  -4.048751E-01
5.300000E+00   1.347059E-04   2.566522E-04  -2.037671E-01   2.733767E-03  -4.481477E-01  -3.769946E-01
5.350000E+00   7.126937E-05  -9.795961E-04  -2.034001E-01   2.337024E-03  -4.662998E-01  -3.479604E-01
5.400000E+00   3.674627E-05   8.833495E-04  -2.035334E-01  -4.389808E-03  -4.829437E-01  -3.228635E-01
5.450000E+00   1.596043E-04   2.437131E-04  -2.038391E-01  -7.348210E-03  -4.985862E-01  -3.030895E-01
5.500000E+00   6.111759E-05  -1.966301E-03  -2.042682E-01  -1.524754E-02  -5.132527E-01  -2.851467E-01
5.550000E+00  -3.702579E-05  -1.217699E-03  -2.053639E-01  -2.788715E-02  -5.271008E-01  -2.739793E-01
5.600000E+00  -6.065232E-05   9.908846E-04  -2.070570E-01  -4.039899E-02  -5.406506E-01  -2.705273E-01
5.650000E+00   6.206267E-05   5.964738E-04  -2.094038E-01  -5.375482E-02  -5.541536E-01  -2.713317E-01
5.700000E+00  -1.004937E-06  -1.445265E-03  -2.124324E-01  -5.755067E-02  -5.677838E-01  -2.710533E-01
5.750000E+00  -8.246378E-05  -1.038889E-03  -2.151588E-01  -5.394883E-02  -5.812589E-01  -2.649048E-01
5.800000E+00  -1.048939E-04  -6.929800E-04  -2.178273E-01  -6.096832E-02  -5.942743E-01  -2.594337E-01
5.850000E+00  -1.517618E-04   8.173115E-05  -2.212557E-01  -7.143423E-02  -6.072023E-01  -2.600738E-01
5.900000E+00  -9.672076E-05   7.894760E-04  -2.249708E-01  -7.473432E-02  -6.202816E-01  -2.591234E-01
5.950000E+00  -7.281419E-05  -1.161815E-03  -2.287291E-01  -7.408135E-02  -6.331146E-01  -2.532768E-01
6.000000E+00  -2.129023E-04  -1.003899E-03  -2.323789E-01  -7.508196E-02  -6.456093E-01  -2.422214E-01
6.050000E+00  -1.732041E-04   5.804501E-04  -2.362373E-01  -7.806294E-02  -6.573367E-01  -2.282172E-01
6.100000E+00  -1.548573E-04   1.031798E-03  -2.401852E-01  -8.129887E-02  -6.684310E-01  -2.189085E-01
6.150000E+00  -7.002435E-05   3.591843E-04  -2.443672E-01  -8.241884E-02  -6.792276E-01  -2.109233E-01
6.200000E+00  -1.189388E-04  -1.781447E-03  -2.484271E-01  -8.141428E-02  -6.895233E-01  -2.032354E-01
6.250000E+00  -2.481691E-04  -5.484022E-04  -2.525086E-01  -8.243740E-02  -6.995511E-01  -1.936489E-01
6.300000E+00  -1.737790E-04   1.406937E-03  -2.566708E-01  -8.487940E-02  -7.088883E-01  -1.801848E-01
6.350000E+00  -1.074754E-04   6.496019E-04  -2.609965E-01  -8.601435E-02  -7.175696E-01  -1.692516E-01
6.400001E+00  -1.088189E-04  -1.071512E-03  -2.652723E-01  -8.649766E-02  -7.258134E-01  -1.594555E-01
6.450000E+00  -2.146266E-04  -1.191781E-03  -2.696463E-01  -8.747950E-02  -7.335151E-01  -1.537210E-01
6.500000E+00  -2.279970E-04   2.639594E-03  -2.740202E-01  -8.855984E-02  -7.411855E-01  -1.548773E-01
6.550000E+00   4.933273E-05   3.151152E-03  -2.785023E-01  -9.118989E-02  -7.490029E-01  -1.552075E-01
6.600000E+00   8.711819E-05  -1.094369E-03  -2.831392E-01  -9.143546E-02  -7.567062E-01  -1.564917E-01
6.650001E+00  -6.010419E-05  -2.104799E-03  -2.876458E-01  -8.548498E-02  -7.646521E-01  -1.586094E-01
6.700000E+00  -1.233617E-04  -7.731798E-04  -2.916877E-01  -8.261293E-02  -7.725672E-01  -1.541406E-01
6.750000E+00  -1.374222E-04   5.712636E-04  -2.959071E-01  -8.150682E-02  -7.800661E-01  -1.486957E-01
6.800000E+00  -6.623536E-05   2.737117E-03  -2.998384E-01  -8.431911E-02  -7.874368E-01  -1.518917E-01
6.850000E+00   1.362896E-04   5.865197E-04  -3.043391E-01  -9.453580E-02  -7.952553E-01  -1.601610E-01
6.900001E+00  -7.583385E-06  -3.884936E-03  -3.092920E-01  -9.371921E-02  -8.034528E-01  -1.605755E-01
6.950000E+00  -2.522040E-04  -1.435817E-03  -3.137110E-01  -8.667648E-02  -8.113129E-01  -1.486817E-01
7.000000E+00  -1.511651E-04   1.847993E-03  -3.179596E-01  -8.538052E-02  -8.183210E-01  -1.394787E-01
7.050000E+00  -6.740466E-05   1.090934E-03  -3.222490E-01  -8.343905E-02  -8.252608E-01  -1.403117E-01
7.100000E+00  -4.207167E-05   1.275691E-03  -3.263035E-01  -7.991090E-02  -8.323522E-01  -1.399115E-01
7.150001E+00   6.016441E-05   5.136005E-04  -3.302401E-01  -7.766381E-02  -8.392519E-01  -1.365295E-01
7.200000E+00   9.288380E-06  -1.695610E-03  -3.340699E-01  -7.773846E-02  -8.460052E-01  -1.321989E-01
7.250000E+00  -1.093966E-04  -1.839914E-03  -3.380139E-01  -7.667065E-02  -8.524718E-01  -1.262334E-01
7.300000E+00  -1.747030E-04   4.974552E-04  -3.417369E-01  -7.563680E-02  -8.586285E-01  -1.238555E-01
7.350000E+00  -5.965110E-05   7.488758E-04  -3.455776E-01  -7.580578E-02  -8.648573E-01  -1.213387E-01
7.400001E+00  -9.981542E-05  -4.085898E-05  -3.493175E-01  -7.335559E-02  -8.707623E-01  -1.199833E-01
7.450000E+00  -6.373700E-05   2.887950E-03  -3.529132E-01  -7.295296E-02  -8.768556E-01  -1.239663E-01
7.500000E+00   1.889796E-04   3.728944E-03  -3.566128E-01  -7.536545E-02  -8.831590E-01  -1.254016E-01
7.550000E+00   3.091574E-04  -7.581098E-04  -3.604497E-01  -7.970765E-02  -8.893958E-01  -1.250809E-01
7.600000E+00   1.131686E-04  -2.021189E-03  -3.645836E-01  -7.710442E-02  -8.956671E-01  -1.222891E-01
7.650001E+00   1.070385E-04  -1.084435E-03  -3.681602E-01  -6.863788E-02  -9.016247E-01  -1.166573E-01
7.700000E+00   4.725074E-06  -2.727812E-03  -3.714474E-01  -6.837830E-02  -9.073328E-01  -1.163629E-01
7.750000E+00  -1.657427E-04   5.622496E-04  -3.749980E-01  -7.116646E-02  -9.132610E-01  -1.196694E-01
7.800000E+00   6.095003E-05   9.364636E-04  -3.785640E-01  -7.245511E-02  -9.192998E-01  -1.181376E-01
7.850000E+00  -7.209637E-05  -1.786700E-03  -3.822435E-01  -7.142529E-02  -9.250748E-01  -1.106542E-01
7.900001E+00  -1.177199E-04   7.270232E-04  -3.857065E-01  -6.896660E-02  -9.303652E-01  -1.066235E-01
7.950000E+00   6.059504E-07   1.255866E-03  -3.891402E-01  -6.701484E-02  -9.357371E-01  -1.061082E-01
8.000000E+00   7.866605E-06  -1.073586E-03  -3.924080E-01  -6.380141E-02  -9.409760E-01  -1.055327E-01
8.050000E+00  -1.067527E-04  -7.451062E-04  -3.955203E-01  -6.037846E-02  -9.462904E-01  -1.087117E-01
8.100000E+00  -6.664402E-05   9.949261E-04  -3.984459E-01  -6.193638E-02  -9.518472E-01  -1.099735E-01
8.150001E+00  -7.260037E-06   1.702933E-03  -4.017140E-01  -6.596401E-02  -9.572877E-01  -1.086590E-01
8.200001E+00   1.036493E-04   2.491202E-03  -4.050423E-01  -6.053880E-02  -9.627131E-01  -1.080841E-01
8.250000E+00   2.418602E-04   1.555634E-03  -4.077678E-01  -5.519614E-02  -9.680961E-01  -1.042122E-01
8.300000E+00   2.592127E-04  -1.816324E-03  -4.105619E-01  -5.737379E-02  -9.731343E-01  -1.026863E-01
8.350000E+00   6.022778E-05  -9.319551E-04  -4.135052E-01  -5.931154E-02  -9.783648E-01  -1.064885E-01
8.400001E+00   1.660172E-04   1.507607E-03  -4.164931E-01  -5.958021E-02  -9.837831E-01  -1.015666E-01
8.450001E+00   2.109885E-04  -9.137657E-05  -4.194632E-01  -5.935997E-02  -9.885215E-01  -9.292036E-02
8.500000E+00   1.568796E-04  -3.262589E-03  -4.224290E-01  -5.803868E-02  -9.930752E-01  -9.680361E-02
8.550000E+00  -1.152704E-04  -3.344255E-03  -4.252671E-01  -5.432367E-02  -9.982018E-01  -1.034757E-01
8.600000E+00  -1.775459E-04   6.007446E-04  -4.278614E-01  -4.702628E-02  -1.003423E+00  -1.032943E-01
8.650001E+00  -5.519593E-05   2.225397E-03  -4.299697E-01  -4.338294E-02  -1.008531E+00  -1.009658E-01
8.700001E+00   4.499376E-05   5.947495E-04  -4.321997E-01  -4.728630E-02  -1.013519E+00  -9.917617E-02
8.750000E+00   4.279013E-06  -1.340061E-03  -4.346983E-01  -4.914477E-02  -1.018449E+00  -9.586871E-02
8.800000E+00  -8.901236E-05   4.458407E-04  -4.371142E-01  -4.774481E-02  -1.023106E+00  -9.374201E-02
8.850000E+00   4.886308E-05   2.165838E-03  -4.394729E-01  -4.546806E-02  -1.027823E+00  -9.629607E-02
8.900001E+00   1.275715E-04   6.697893E-04  -4.416610E-01  -3.902942E-02  -1.032736E+00  -9.709001E-02
8.950001E+00   1.158420E-04  -1.903353E-03  -4.433758E-01  -3.277585E-02  -1.037532E+00  -9.357512E-02
9.000000E+00  -6.276386E-05  -3.273198E-03  -4.449386E-01  -3.458783E-02  -1.042093E+00  -9.183824E-02
9.050000E+00  -2.114778E-04   1.296052E-03  -4.468346E-01  -4.010290E-02  -1.046716E+00  -9.089947E-02
9.100000E+00   6.684136E-05   3.870118E-03  -4.489489E-01  -3.809646E-02  -1.051183E+00  -9.183824E-02
9.150001E+00   1.755340E-04  -8.315593E-05  -4.506442E-01  -3.200412E-02  -1.055900E+00  -9.624302E-02
9.200001E+00   5.852576E-05  -1.347473E-03  -4.521493E-01  -3.332511E-02  -1.060808E+00  -9.613335E-02
9.250001E+00   4.078673E-05  -1.043596E-03  -4.539767E-01  -3.644764E-02  -1.065513E+00  -9.302974E-02
9.300000E+00  -4.583384E-05  -1.087802E-03  -4.557940E-01  -3.266260E-02  -1.070111E+00  -9.104848E-02
9.350000E+00  -6.799347E-05  -1.464699E-04  -4.572430E-01  -2.946168E-02  -1.074618E+00  -8.703589E-02
9.400001E+00  -6.048083E-05   3.706770E-04  -4.587402E-01  -3.150553E-02  -1.078814E+00  -8.627117E-02
9.450001E+00  -3.092577E-05   5.679508E-04  -4.603935E-01  -3.310695E-02  -1.083245E+00  -8.855700E-02
9.500001E+00  -3.685756E-06   1.697844E-03  -4.620509E-01  -3.103122E-02  -1.087670E+00  -8.801460E-02
9.550000E+00   1.388586E-04   6.458050E-04  -4.634967E-01  -2.952486E-02  -1.092046E+00  -8.756340E-02
9.600000E+00   6.089474E-05  -1.928071E-04  -4.650034E-01  -2.623960E-02  -1.096426E+00  -8.974731E-02
9.650001E+00   1.195779E-04   3.200623E-04  -4.661206E-01  -2.242997E-02  -1.101021E+00  -9.527206E-02
9.700001E+00   9.290098E-05  -2.555229E-03  -4.672464E-01  -2.387032E-02  -1.105953E+00  -9.724855E-02
9.750001E+00  -1.359450E-04  -2.059249E-03  -4.685076E-01  -2.907604E-02  -1.110746E+00  -9.269238E-02
9.800000E+00  -1.130239E-04   9.499419E-04  -4.701540E-01  -3.123939E-02  -1.115223E+00  -8.889794E-02
9.850000E+00  -4.095079E-05   1.550006E-03  -4.716316E-01  -2.548590E-02  -1.119636E+00  -8.518517E-02
9.900001E+00   4.197671E-05   1.534854E-03  -4.727026E-01  -2.504736E-02  -1.123741E+00  -8.703351E-02
9.950001E+00   1.125346E-04  -1.009177E-03  -4.741363E-01  -3.196672E-02  -1.128339E+00  -9.654045E-02
1.000000E+01  -5.894101E-05  -2.291212E-03  -4.758992E-01  -3.069341E-02  -1.133395E+00  -9.533584E-02
1.005000E+01  -1.165866E-04  -1.216604E-03  -4.772057E-01  -2.563849E-02  -1.137873E+00  -8.673429E-02
1.010000E+01  -1.806014E-04   8.537170E-04  -4.784631E-01  -2.756536E-02  -1.142069E+00  -8.130312E-02
1.015000E+01  -3.121491E-05   2.706376E-03  -4.799622E-01  -2.399787E-02  -1.146003E+00  -8.018136E-02
1.020000E+01   9.003620E-05   1.257510E-04  -4.808629E-01  -1.834199E-02  -1.150087E+00  -8.798182E-02
1.025000E+01  -1.863981E-05  -1.445499E-03  -4.817964E-01  -1.932442E-02  -1.154801E+00  -9.236991E-02
1.030000E+01  -5.451372E-05   1.156444E-03  -4.827953E-01  -2.266824E-02  -1.159324E+00  -8.752704E-02
1.035000E+01   9.700462E-05   2.083387E-03  -4.840632E-01  -2.649933E-02  -1.163554E+00  -8.622646E-02
1.040000E+01   1.538249E-04   3.231496E-04  -4.854453E-01  -2.491981E-02  -1.167946E+00  -8.372426E-02
1.045000E+01   1.293196E-04   8.339559E-04  -4.865552E-01  -2.180278E-02  -1.171926E+00  -8.162439E-02
1.050000E+01   2.372205E-04   1.208685E-03  -4.876255E-01  -2.159819E-02  -1.176109E+00  -8.615792E-02
1.055000E+01   2.501881E-04  -4.519172E-04  -4.887150E-01  -2.000839E-02  -1.180542E+00  -8.531272E-02
1.060000E+01   1.920288E-04   3.144493E-04  -4.896264E-01  -2.080008E-02  -1.184640E+00  -8.351743E-02
1.065000E+01   2.816330E-04  -1.522463E-03  -4.907950E-01  -1.925349E-02  -1.188894E+00  -8.408129E-02
1.070000E+01   3.978248E-05  -5.285666E-03  -4.915517E-01  -1.558736E-02  -1.193048E+00  -8.161068E-02
1.075000E+01  -2.469336E-04  -5.193069E-04  -4.923538E-01  -1.298368E-02  -1.197055E+00  -7.885695E-02
1.080000E+01  -1.214820E-05   3.879528E-03  -4.928501E-01  -1.712859E-02  -1.200934E+00  -7.933974E-02
1.085000E+01   1.410193E-04   9.799761E-04  -4.940666E-01  -2.059460E-02  -1.204989E+00  -7.949114E-02
1.090000E+01   8.584942E-05   8.188568E-04  -4.949096E-01  -1.435280E-02  -1.208883E+00  -7.923186E-02
1.095000E+01   2.229050E-04   2.784984E-03  -4.955019E-01  -1.583397E-02  -1.212912E+00  -8.046687E-02
1.100000E+01   3.643479E-04   1.368486E-03  -4.964930E-01  -1.932219E-02  -1.216930E+00  -8.054256E-02
1.105000E+01   3.597536E-04   9.759198E-04  -4.974341E-01  -2.229452E-02  -1.220966E+00  -8.205175E-02
1.110000E+01   4.619398E-04   1.386281E-03  -4.987224E-01  -3.064483E-02  -1.225135E+00  -8.832216E-02
1.115000E+01   4.983816E-04   1.793299E-04  -5.004986E-01  -3.190994E-02  -1.229799E+00  -9.186208E-02
1.120000E+01   4.798729E-04  -1.136134E-03  -5.019134E-01  -2.878353E-02  -1.234321E+00  -8.993506E-02
1.125000E+01   3.847682E-04  -2.105585E-03  -5.033770E-01  -3.191859E-02  -1.238792E+00  -9.268522E-02
1.130000E+01   2.693144E-04  -1.775746E-03  -5.051053E-01  -2.788782E-02  -1.243590E+00  -9.516478E-02
1.135000E+01   2.071936E-04  -1.496774E-03  -5.061657E-01  -2.065241E-02  -1.248309E+00  -9.259641E-02
1.140000E+01   1.196369E-04  -1.188654E-03  -5.071705E-01  -1.624018E-02  -1.252849E+00  -9.043336E-02
1.145000E+01   8.832820E-05   1.798958E-03  -5.077897E-01  -1.161635E-02  -1.257352E+00  -9.387076E-02
1.150000E+01   2.995327E-04   1.985086E-03  -5.083321E-01  -1.544744E-02  -1.262236E+00  -1.026505E-01
1.155000E+01   2.868368E-04   9.788236E-04  -5.093345E-01  -1.713932E-02  -1.267617E+00  -1.071411E-01
1.160000E+01   3.974151E-04   2.010109E-03  -5.100461E-01  -1.417920E-02  -1.272950E+00  -1.040655E-01
1.165000E+01   4.878477E-04  -7.321814E-05  -5.107524E-01  -1.687884E-02  -1.278023E+00  -1.012510E-01
1.170000E+01   3.900933E-04  -7.604859E-04  -5.117339E-01  -1.304984E-02  -1.283076E+00  -1.006871E-01
1.175000E+01   4.117991E-04   1.284294E-05  -5.120574E-01  -9.467155E-03  -1.288092E+00  -1.057243E-01
1.180000E+01   3.913776E-04   1.236933E-04  -5.126806E-01  -1.255110E-02  -1.293648E+00  -1.110911E-01
1.185000E+01   4.241684E-04   4.294458E-04  -5.133125E-01  -1.627073E-02  -1.299201E+00  -1.125765E-01
1.190000E+01   4.343222E-04  -5.442489E-04  -5.143077E-01  -2.526641E-02  -1.304906E+00  -1.195127E-01
1.195000E+01   3.697435E-04  -1.896325E-03  -5.158392E-01  -2.629608E-02  -1.311153E+00  -1.189095E-01
1.200000E+01   2.446896E-04   1.759248E-04  -5.169374E-01  -1.862437E-02  -1.316797E+00  -1.097441E-01
1.205000E+01   3.873360E-04   2.423367E-03  -5.177016E-01  -2.126932E-02  -1.322127E+00  -1.118374E-01
1.210000E+01   4.870263E-04  -8.674725E-04  -5.190643E-01  -2.526402E-02  -1.327980E+00  -1.150316E-01
1.215000E+01   3.005888E-04   5.957717E-04  -5.202280E-01  -2.345502E-02  -1.333630E+00  -1.140410E-01
1.220000E+01   5.466035E-04   1.929155E-03  -5.214097E-01  -2.546638E-02  -1.339384E+00  -1.175046E-01
1.225000E+01   4.935043E-04  -1.295897E-03  -5.227746E-01  -2.736330E-02  -1.345381E+00  -1.175773E-01
1.230000E+01   4.170138E-04   1.114398E-03  -5.241461E-01  -2.696246E-02  -1.351142E+00  -1.102555E-01
1.235000E+01   6.049441E-04   2.323239E-03  -5.254709E-01  -2.426535E-02  -1.356406E+00  -1.039040E-01
1.240000E+01   6.493377E-04  -2.637473E-03  -5.265726E-01  -2.188504E-02  -1.361533E+00  -1.019478E-01
1.245000E+01   3.411967E-04  -1.436230E-03  -5.276594E-01  -2.227426E-02  -1.366601E+00  -1.003516E-01
1.250000E+01   5.057146E-04   4.394178E-03  -5.288001E-01  -2.703726E-02  -1.371568E+00  -9.574234E-02
1.255000E+01   7.806146E-04   3.238124E-03  -5.303631E-01  -3.875047E-02  -1.376175E+00  -8.045375E-02
1.260000E+01   8.295270E-04  -7.639063E-04  -5.326751E-01  -5.076766E-02  -1.379613E+00  -4.636526E-02
1.265000E+01   7.042240E-04   2.339290E-03  -5.354398E-01  -5.240887E-02  -1.380812E+00   9.648800E-03
1.270000E+01   1.063456E-03   3.006353E-03  -5.379160E-01  -3.390551E-02  -1.378648E+00   6.841004E-02
1.275000E+01   1.004859E-03   7.954548E-04  -5.388304E-01   1.042068E-02  -1.373971E+00   1.034719E-01
1.280000E+01   1.143001E-03   1.019526E-03  -5.368739E-01   6.843388E-02  -1.368301E+00   1.109993E-01
1.285000E+01   1.106812E-03  -1.754178E-03  -5.319871E-01   1.164901E-01  -1.362871E+00   9.946287E-02
1.290000E+01   9.675837E-04  -1.181129E-03  -5.252249E-01   1.432586E-01  -1.358355E+00   8.260429E-02
1.295000E+01   9.886990E-04   2.442813E-03  -5.176612E-01   1.473989E-01  -1.354610E+00   7.375479E-02
1.300000E+01   1.211865E-03   1.562880E-03  -5.104851E-01   1.319957E-01  -1.350979E+00   6.522655E-02
1.305000E+01   1.144987E-03  -2.174690E-03  -5.044616E-01   1.069437E-01  -1.348088E+00   5.337477E-02
1.310000E+01   9.943959E-04   1.321770E-03  -4.997907E-01   8.520246E-02  -1.345642E+00   4.505396E-02
1.315000E+01   1.277164E-03   6.702832E-03  -4.959414E-01   6.364092E-02  -1.343582E+00   3.606677E-02
1.320000E+01   1.664679E-03   4.838955E-03  -4.934266E-01   4.445180E-02  -1.342035E+00   3.404677E-02
1.325000E+01   1.761060E-03   5.194329E-03  -4.914962E-01   3.415063E-02  -1.340178E+00   3.875911E-02
1.330000E+01   2.184112E-03   3.252809E-03  -4.900115E-01   2.401993E-02  -1.338159E+00   3.334105E-02
1.335000E+01   2.086340E-03  -3.855849E-03  -4.890942E-01   1.381695E-02  -1.336843E+00   2.606153E-02
1.340000E+01   1.798527E-03  -1.581674E-03  -4.886298E-01   4.884601E-03  -1.335553E+00   2.190292E-02
1.345000E+01   1.928173E-03   3.593524E-03  -4.886057E-01  -5.653501E-04  -1.334653E+00   1.818419E-02
1.350000E+01   2.157880E-03   4.559981E-03  -4.886864E-01  -1.564175E-03  -1.333735E+00   1.955569E-02
1.355000E+01   2.384171E-03   3.437281E-03  -4.887621E-01  -2.458543E-03  -1.332698E+00   1.844823E-02
1.360000E+01   2.501608E-03  -1.332402E-03  -4.889322E-01  -9.072423E-03  -1.331890E+00   1.081765E-02
1.365000E+01   2.250931E-03  -7.072627E-04  -4.896694E-01  -1.689181E-02  -1.331616E+00   3.529787E-03
1.370000E+01   2.430881E-03   5.067411E-03  -4.906214E-01  -1.902461E-02  -1.331537E+00   3.364682E-03
1.375000E+01   2.757672E-03   2.287475E-03  -4.915718E-01  -2.408758E-02  -1.331280E+00   4.367232E-03
1.380000E+01   2.659629E-03  -1.013463E-03  -4.930301E-01  -2.380863E-02  -1.331100E+00   5.270243E-03
1.385000E+01   2.656326E-03  -1.676035E-03  -4.939527E-01  -1.915693E-02  -1.330752E+00   6.082058E-03
1.390000E+01   2.492025E-03   2.339936E-03  -4.949458E-01  -2.107590E-02  -1.330492E+00   2.937317E-03
1.395000E+01   2.890319E-03   6.336208E-03  -4.960603E-01  -2.925098E-02  -1.330459E+00  -3.990531E-03
1.400000E+01   3.125646E-03   3.074632E-03  -4.978709E-01  -3.885150E-02  -1.330891E+00  -8.521080E-03
1.405000E+01   3.197783E-03   1.465275E-03  -4.999455E-01  -4.065067E-02  -1.331311E+00  -2.213717E-03
1.410000E+01   3.272174E-03  -8.962350E-05  -5.019360E-01  -3.614217E-02  -1.331112E+00   2.840757E-03
1.415000E+01   3.188820E-03   1.200861E-03  -5.035597E-01  -3.153473E-02  -1.331027E+00  -1.057982E-03
1.420000E+01   3.392260E-03   2.307188E-03  -5.050895E-01  -3.122479E-02  -1.331218E+00  -6.464720E-03
1.425000E+01   3.419539E-03  -3.318978E-04  -5.066822E-01  -3.078550E-02  -1.331673E+00  -1.001120E-02
1.430000E+01   3.359070E-03   2.661652E-03  -5.081680E-01  -3.015965E-02  -1.332219E+00  -6.422400E-03
1.435000E+01   3.685704E-03   4.978448E-03  -5.096982E-01  -2.995655E-02  -1.332315E+00  -4.329085E-03
1.440000E+01   3.856915E-03  -1.406883E-03  -5.111637E-01  -3.356293E-02  -1.332652E+00  -1.502156E-02
1.445000E+01   3.545016E-03  -4.702081E-03  -5.130544E-01  -3.623590E-02  -1.333818E+00  -2.207875E-02
1.450000E+01   3.386707E-03  -1.242817E-03  -5.147873E-01  -3.596634E-02  -1.334860E+00  -1.850963E-02
1.455000E+01   3.420734E-03  -1.490688E-03  -5.166510E-01  -3.553078E-02  -1.335669E+00  -1.504302E-02
1.460000E+01   3.237638E-03   7.133698E-05  -5.183403E-01  -3.279760E-02  -1.336364E+00  -1.442075E-02
1.465000E+01   3.427868E-03   1.709505E-03  -5.199308E-01  -2.889007E-02  -1.337111E+00  -1.168907E-02
1.470000E+01   3.408588E-03   1.752097E-04  -5.212294E-01  -2.038568E-02  -1.337533E+00  -8.486509E-03
1.475000E+01   3.445389E-03   6.863766E-04  -5.219694E-01  -1.239657E-02  -1.337959E+00  -1.024544E-02
1.480000E+01   3.477226E-03   7.845124E-04  -5.224690E-01  -1.096070E-02  -1.338558E+00  -1.421988E-02
1.485000E+01   3.523840E-03   2.072167E-03  -5.230654E-01  -1.123220E-02  -1.339381E+00  -2.174258E-02
1.490000E+01   3.684443E-03   2.120858E-03  -5.235922E-01  -8.626580E-03  -1.340732E+00  -2.547503E-02
1.495000E+01   3.735926E-03   4.094327E-04  -5.239281E-01  -7.106960E-03  -1.341929E+00  -2.317548E-02
1.500000E+01   3.725386E-03   4.094327E-04  -5.243030E-01  -7.106960E-03  -1.343050E+00  -2.317548E-02
