# problem = TPV10
# author = BradAagaard
# date = 2008-11-09
# code = EqSim
# code_version = 0.6.6
# element_size = 100m
# time_step =   5.000000E-02
# num_timesteps =      301
# location = -2.0 km off fault, 0.0 km along strike and -0.0 km depth
# Time series in 7 columns of E14.6:
# Column #1 = time (s)
# Column #2 = horizontal fault-parallel displacement (m)
# Column #3 = horizontal fault-parallel velocity (m/s)
# Column #4 = vertical displacement (m)
# Column #5 = vertical velocity (m/s)
# Column #6 = horizontal fault-normal displacement (m)
# Column #7 = horizontal fault-normal velocity (m/s)
#
# Data fields
#t h-disp h-vel v-disp v-vel n-disp n-vel
0.000000E+00   0.000000E+00   0.000000E+00  -0.000000E+00  -0.000000E+00  -0.000000E+00  -0.000000E+00
5.000000E-02   0.000000E+00   6.152052E-26  -0.000000E+00   5.053090E-26  -0.000000E+00   5.797649E-26
1.000000E-01   6.152052E-27   4.637966E-24   5.053090E-27  -3.008179E-23   5.797650E-27  -4.588803E-23
1.500000E-01   4.637966E-25   8.707162E-21  -3.008179E-24   4.521227E-21  -4.588803E-24   5.640400E-20
2.000000E-01   8.707224E-22   4.901209E-18   4.521278E-22   8.118091E-18   5.640406E-21   6.840275E-17
2.500000E-01   4.901214E-19   8.312508E-16   8.118061E-19   2.824695E-15   6.840271E-18   1.748112E-14
3.000000E-01   8.312595E-17   1.001704E-14   2.824700E-16   1.152520E-13   1.748117E-15   7.331170E-13
3.500000E-01   1.002194E-15  -1.610130E-13   1.152601E-14   9.942481E-13   7.331853E-14   6.122206E-12
4.000000E-01  -1.601818E-14  -4.487076E-13   9.970728E-14   2.042761E-12   6.139687E-13   1.155622E-11
4.500000E-01  -4.386856E-14  -9.742542E-13   2.158021E-13  -5.200148E-13   1.228940E-12   3.360181E-13
5.000000E-01  -1.134436E-13  -2.379461E-12   4.770580E-14  -2.433478E-12   6.475705E-13   6.700207E-13
5.500000E-01  -2.818147E-13  -4.979929E-12  -2.754571E-14  -9.090285E-12   1.295942E-12   9.997316E-12
6.000000E-01  -6.114365E-13  -5.375859E-12  -8.613227E-13  -1.927901E-11   1.647302E-12  -7.844676E-12
6.500000E-01  -8.194006E-13  -4.970419E-12  -1.955447E-12  -1.092119E-11   5.114748E-13  -2.318805E-11
7.000000E-01  -1.108478E-12  -1.203916E-12  -1.953442E-12   2.076832E-11  -6.715029E-13  -3.473367E-12
7.500001E-01  -9.397922E-13   3.730048E-12   1.213856E-13   8.455014E-12   1.641381E-13   6.848266E-11
8.000001E-01  -7.354735E-13   4.417610E-12  -1.107940E-12  -3.422113E-11   6.176764E-12   2.510664E-11
8.500000E-01  -4.980311E-13   1.090995E-11  -3.300727E-12  -1.962732E-11   2.674802E-12  -9.470019E-11
9.000000E-01   3.555217E-13   1.098667E-11  -3.070672E-12   1.449227E-11  -3.293255E-12  -1.339082E-11
9.500000E-01   6.006360E-13   1.987364E-11  -1.851500E-12   3.524679E-11   1.335720E-12   6.648505E-11
1.000000E+00   2.342886E-12   1.138982E-11   4.540064E-13   3.323143E-11   3.355250E-12   3.020322E-11
1.050000E+00   1.739618E-12  -1.545739E-11   1.471643E-12   2.676621E-11   4.356042E-12   2.885262E-11
1.100000E+00   7.971465E-13   3.032292E-12   3.130628E-12   1.604681E-11   6.240512E-12   1.084932E-10
1.150000E+00   2.042847E-12   2.087362E-11   3.076324E-12   4.713406E-11   1.520537E-11   1.111549E-10
1.200000E+00   2.884509E-12  -7.518340E-12   7.844034E-12   2.701317E-11   1.735600E-11  -3.366735E-11
1.250000E+00   1.291013E-12  -1.740732E-11   5.777641E-12  -1.438292E-10   1.183863E-11  -1.283059E-10
1.300000E+00   1.143776E-12  -3.029227E-11  -6.538888E-12  -1.546573E-10   4.525415E-12  -1.076406E-10
1.350000E+00  -1.738214E-12  -1.299106E-11  -9.688086E-12   5.572993E-11   1.074567E-12  -3.781693E-11
1.400000E+00  -1.553295E-13   1.429130E-11  -9.658953E-13   2.196156E-10   7.437221E-13   6.995809E-11
1.450000E+00  -3.090842E-13   9.980641E-12   1.227348E-11   8.852873E-11   8.070377E-12   9.767375E-11
1.500000E+00   8.427346E-13  -3.024217E-11   7.886978E-12  -4.103900E-11   1.051110E-11   3.225905E-11
1.550000E+00  -3.333301E-12  -9.785328E-12   8.169579E-12  -9.243375E-11   1.129628E-11  -1.721858E-11
1.600000E+00  -1.357981E-13  -3.572831E-11  -1.356398E-12  -1.378977E-10   8.789239E-12  -8.204692E-11
1.650000E+00  -6.906133E-12  -2.227131E-11  -5.620194E-12  -8.591670E-11   3.091589E-12  -8.958463E-11
1.700000E+00  -2.362929E-12   8.479749E-11  -9.948068E-12   1.816947E-11  -1.692241E-13  -4.665404E-11
1.750000E+00   1.573616E-12  -1.583526E-11  -3.803247E-12   3.346870E-11  -1.573815E-12  -1.080149E-11
1.800000E+00  -3.946454E-12   3.718214E-11  -6.601197E-12  -1.365692E-09  -1.249373E-12  -7.358983E-10
1.850000E+00   5.291830E-12   7.462400E-10  -1.403725E-10  -2.941302E-08  -7.516365E-11  -1.790464E-08
1.900000E+00   7.067755E-11   7.504120E-09  -2.947903E-09  -4.129303E-07  -1.791713E-09  -2.596734E-07
1.950000E+00   7.557038E-10   4.336056E-08  -4.143341E-08  -3.933634E-06  -2.604251E-08  -2.546916E-06
2.000000E+00   4.406734E-09   1.007546E-07  -3.963113E-07  -2.527829E-05  -2.564833E-07  -1.673551E-05
2.050000E+00   1.083116E-08  -1.436266E-07  -2.569262E-06  -1.091244E-04  -1.699594E-06  -7.264641E-05
2.100000E+00  -9.955926E-09  -1.119455E-06  -1.130875E-05  -3.190896E-04  -7.521125E-06  -2.071577E-04
2.150000E+00  -1.011144E-07  -1.306048E-06  -3.447822E-05  -6.650951E-04  -2.241536E-05  -4.010225E-04
2.200000E+00  -1.405607E-07   1.345718E-06  -7.781826E-05  -1.136786E-03  -4.762337E-05  -6.092668E-04
2.250000E+00   3.345750E-08   2.617620E-06  -1.481569E-04  -1.907113E-03  -8.334204E-05  -9.392420E-04
2.300000E+00   1.212013E-07  -1.556939E-06  -2.685296E-04  -3.300278E-03  -1.415476E-04  -1.601414E-03
2.350000E+00  -1.222364E-07  -6.358071E-06  -4.781846E-04  -5.786300E-03  -2.434834E-04  -2.820756E-03
2.400000E+00  -5.146059E-07  -9.408190E-06  -8.471596E-04  -1.035372E-02  -4.236232E-04  -5.070100E-03
2.450000E+00  -1.063055E-06  -2.148433E-05  -1.513556E-03  -1.855027E-02  -7.504934E-04  -9.133796E-03
2.500000E+00  -2.663039E-06  -6.218714E-05  -2.702187E-03  -3.124410E-02  -1.337003E-03  -1.517339E-02
2.550000E+00  -7.281769E-06  -8.954650E-05  -4.637966E-03  -4.433752E-02  -2.267833E-03  -1.938830E-02
2.600000E+00  -1.161769E-05   3.205403E-05  -7.135939E-03  -4.859699E-02  -3.275833E-03  -1.438522E-02
2.650000E+00  -4.076366E-06   2.064336E-04  -9.497666E-03  -4.444316E-02  -3.706355E-03  -2.286858E-03
2.700000E+00   9.025672E-06   1.747589E-05  -1.158025E-02  -4.472243E-02  -3.504518E-03   3.628752E-03
2.750000E+00  -2.328776E-06  -3.311389E-04  -1.396991E-02  -4.908301E-02  -3.343480E-03   4.092797E-03
2.800000E+00  -2.408822E-05  -1.987015E-04  -1.648856E-02  -5.058215E-02  -3.095239E-03   7.857066E-03
2.850000E+00  -2.219892E-05   1.291163E-04  -1.902812E-02  -5.295446E-02  -2.557773E-03   1.143742E-02
2.900000E+00  -1.117659E-05  -5.212150E-06  -2.178400E-02  -5.580688E-02  -1.951497E-03   1.359602E-02
2.950000E+00  -2.272014E-05  -7.048341E-05  -2.460881E-02  -5.919589E-02  -1.198171E-03   1.430133E-02
3.000000E+00  -1.822493E-05   3.218612E-04  -2.770359E-02  -6.429044E-02  -5.213637E-04   1.244693E-02
3.050000E+00   9.465984E-06  -5.030832E-05  -3.103786E-02  -7.020175E-02   4.652115E-05   1.110917E-02
3.100000E+00  -2.325576E-05  -3.217013E-04  -3.472377E-02  -7.327646E-02   5.895530E-04   1.302348E-02
3.150000E+00  -2.270414E-05  -8.698256E-05  -3.836550E-02  -7.743601E-02   1.348869E-03   1.376836E-02
3.200000E+00  -3.195402E-05  -2.275148E-05  -4.246737E-02  -8.530263E-02   1.966389E-03   1.139483E-02
3.250000E+00  -2.497929E-05  -3.791483E-05  -4.689576E-02  -9.222873E-02   2.488352E-03   7.763258E-03
3.300000E+00  -3.574550E-05  -3.900510E-04  -5.169024E-02  -1.027937E-01   2.742715E-03   3.226511E-03
3.350000E+00  -6.398439E-05   1.557839E-04  -5.717514E-02  -1.122523E-01   2.811003E-03   6.412785E-04
3.400000E+00  -2.016711E-05   2.574586E-04  -6.291547E-02  -1.169530E-01   2.806843E-03   1.191241E-03
3.450000E+00  -3.823852E-05  -3.447572E-04  -6.887043E-02  -1.255833E-01   2.930127E-03  -1.750076E-03
3.500000E+00  -5.464283E-05  -3.232191E-04  -7.547380E-02  -1.413132E-01   2.631835E-03  -1.181412E-02
3.550000E+00  -7.056043E-05  -5.329241E-04  -8.300175E-02  -1.548889E-01   1.748714E-03  -1.795693E-02
3.600000E+00  -1.079352E-04  -2.455946E-04  -9.096269E-02  -1.630778E-01   8.361425E-04  -1.942049E-02
3.650000E+00  -9.511990E-05  -1.532688E-04  -9.930953E-02  -1.707561E-01  -1.933347E-04  -1.929322E-02
3.700000E+00  -1.232621E-04  -6.364897E-04  -1.080383E-01  -1.806003E-01  -1.093179E-03  -1.622236E-02
3.750000E+00  -1.587689E-04  -1.835814E-04  -1.173696E-01  -1.910283E-01  -1.815571E-03  -9.720393E-03
3.800000E+00  -1.416203E-04   8.778938E-05  -1.271411E-01  -2.000963E-01  -2.065219E-03  -1.894140E-03
3.850000E+00  -1.499899E-04   7.367894E-04  -1.373792E-01  -1.970822E-01  -2.004985E-03  -1.857730E-03
3.900000E+00  -6.794134E-05   1.272132E-03  -1.468493E-01  -1.674065E-01  -2.250992E-03  -3.504778E-02
3.950000E+00  -2.277676E-05   2.452562E-04  -1.541198E-01  -1.022580E-01  -5.509763E-03  -1.204846E-01
4.000000E+00  -4.341572E-05  -1.113982E-03  -1.570752E-01  -1.561984E-02  -1.429945E-02  -2.458100E-01
4.050000E+00  -1.341750E-04  -1.236442E-03  -1.556818E-01   4.854068E-02  -3.009076E-02  -3.373093E-01
4.100000E+00  -1.670600E-04   5.258551E-04  -1.522211E-01   6.126136E-02  -4.803038E-02  -3.105210E-01
4.150000E+00  -8.158945E-05   2.105344E-03  -1.495557E-01   2.065673E-02  -6.114287E-02  -2.164904E-01
4.200000E+00   4.347446E-05   1.182661E-03  -1.501554E-01  -3.107175E-02  -6.967942E-02  -1.643717E-01
4.250000E+00   3.667669E-05  -5.660770E-04  -1.526629E-01  -4.331440E-02  -7.758003E-02  -1.645965E-01
4.300000E+00  -1.313323E-05  -1.026516E-03  -1.544868E-01  -5.465865E-02  -8.613908E-02  -1.713611E-01
4.350000E+00  -6.597494E-05  -1.339434E-03  -1.581287E-01  -9.386554E-02  -9.471615E-02  -1.742527E-01
4.400000E+00  -1.470766E-04  -8.050266E-04  -1.638734E-01  -1.064529E-01  -1.035643E-01  -1.977582E-01
4.450000E+00  -1.464776E-04  -3.015244E-04  -1.687740E-01  -1.029415E-01  -1.144920E-01  -2.503607E-01
4.500000E+00  -1.772290E-04   5.404885E-04  -1.741676E-01  -1.176353E-01  -1.286004E-01  -3.004679E-01
4.550000E+00  -9.242875E-05   3.020861E-04  -1.805375E-01  -1.194331E-01  -1.445388E-01  -3.434363E-01
4.600000E+00  -1.470204E-04  -3.869954E-03  -1.861109E-01  -1.056586E-01  -1.629440E-01  -3.945087E-01
4.650000E+00  -4.794241E-04  -1.885010E-03  -1.911034E-01  -9.899020E-02  -1.839896E-01  -4.424974E-01
4.700000E+00  -3.355214E-04   4.063952E-03  -1.960099E-01  -8.638069E-02  -2.071938E-01  -4.887892E-01
4.750000E+00  -7.302897E-05   2.231010E-03  -1.997415E-01  -6.104186E-02  -2.328686E-01  -5.374002E-01
4.800000E+00  -1.124204E-04  -3.943627E-04  -2.021141E-01  -4.918143E-02  -2.609338E-01  -5.797380E-01
4.850000E+00  -1.124652E-04  -9.314347E-04  -2.046596E-01  -4.612133E-02  -2.908424E-01  -5.982402E-01
4.900000E+00  -2.055638E-04   1.441542E-05  -2.067262E-01  -3.018364E-02  -3.207578E-01  -5.872944E-01
4.950000E+00  -1.110237E-04   2.887753E-03  -2.076780E-01  -1.724452E-02  -3.495718E-01  -5.651629E-01
5.000000E+00   8.321145E-05   1.253172E-03  -2.084507E-01  -1.756489E-02  -3.772741E-01  -5.340400E-01
5.050000E+00   1.429351E-05  -9.200732E-04  -2.094345E-01  -6.019771E-03  -4.029758E-01  -4.919076E-01
5.100000E+00  -8.795877E-06   1.404700E-03  -2.090526E-01   1.421764E-02  -4.264649E-01  -4.539022E-01
5.150000E+00   1.547636E-04   2.734880E-03  -2.080127E-01   1.204938E-02  -4.483660E-01  -4.203787E-01
5.200000E+00   2.646921E-04   9.037040E-04  -2.078477E-01  -4.258156E-03  -4.685028E-01  -3.904676E-01
5.250000E+00   2.451340E-04  -2.193588E-03  -2.084385E-01  -2.633631E-02  -4.874128E-01  -3.638005E-01
5.300000E+00   4.533335E-05  -3.037495E-03  -2.104813E-01  -5.098209E-02  -5.048828E-01  -3.313020E-01
5.350000E+00  -5.861557E-05   1.151607E-03  -2.135367E-01  -6.578252E-02  -5.205430E-01  -3.067327E-01
5.400000E+00   1.604940E-04   9.091292E-04  -2.170596E-01  -7.919848E-02  -5.355561E-01  -2.994895E-01
5.450000E+00   3.229735E-05  -2.558045E-03  -2.214566E-01  -8.937567E-02  -5.504919E-01  -3.013837E-01
5.500000E+00  -9.531048E-05  -2.509417E-03  -2.259971E-01  -9.181112E-02  -5.656945E-01  -2.984846E-01
5.550000E+00  -2.186443E-04  -2.195338E-03  -2.306377E-01  -9.804875E-02  -5.803404E-01  -2.853137E-01
5.600000E+00  -3.148443E-04   8.682188E-04  -2.358020E-01  -1.045665E-01  -5.942258E-01  -2.810931E-01
5.650000E+00  -1.318224E-04   2.768394E-03  -2.410943E-01  -1.070227E-01  -6.084497E-01  -2.815461E-01
5.700000E+00  -3.800485E-05   2.731135E-04  -2.465043E-01  -1.119594E-01  -6.223804E-01  -2.704537E-01
5.750000E+00  -1.045111E-04  -2.122728E-03  -2.522903E-01  -1.075594E-01  -6.354951E-01  -2.596301E-01
5.800000E+00  -2.502777E-04  -3.770557E-04  -2.572602E-01  -9.888828E-02  -6.483434E-01  -2.520806E-01
5.850000E+00  -1.422167E-04   1.803043E-03  -2.621791E-01  -9.717315E-02  -6.607031E-01  -2.410966E-01
5.900000E+00  -6.997341E-05   3.231883E-04  -2.669775E-01  -9.583801E-02  -6.724531E-01  -2.352637E-01
5.950000E+00  -1.098978E-04  -2.187320E-03  -2.717629E-01  -8.834273E-02  -6.842295E-01  -2.371979E-01
6.000000E+00  -2.887054E-04   1.691252E-04  -2.758118E-01  -8.500606E-02  -6.961729E-01  -2.357644E-01
6.050000E+00  -9.298530E-05   2.402198E-03  -2.802635E-01  -9.142667E-02  -7.078059E-01  -2.227223E-01
6.100000E+00  -4.848567E-05   5.308140E-04  -2.849545E-01  -8.352518E-02  -7.184451E-01  -2.013475E-01
6.150000E+00  -3.990389E-05   5.579615E-04  -2.886160E-01  -8.208573E-02  -7.279407E-01  -1.785862E-01
6.200000E+00   7.310483E-06   2.213493E-04  -2.931631E-01  -1.035342E-01  -7.363037E-01  -1.596308E-01
6.250000E+00  -1.776896E-05  -1.513484E-03  -2.989694E-01  -1.149407E-01  -7.439038E-01  -1.573509E-01
6.300000E+00  -1.440379E-04  -1.198848E-03  -3.046571E-01  -1.046279E-01  -7.520388E-01  -1.634914E-01
6.350000E+00  -1.376538E-04  -4.169614E-04  -3.094322E-01  -8.581042E-02  -7.602529E-01  -1.636261E-01
6.400001E+00  -1.857341E-04  -1.923590E-04  -3.132382E-01  -8.005589E-02  -7.684014E-01  -1.656461E-01
6.450000E+00  -1.568897E-04   1.981047E-04  -3.174378E-01  -9.942770E-02  -7.768175E-01  -1.649052E-01
6.500000E+00  -1.659236E-04   1.489904E-03  -3.231809E-01  -1.190203E-01  -7.848920E-01  -1.593447E-01
6.550000E+00  -7.899309E-06   9.985421E-04  -3.293399E-01  -1.221764E-01  -7.927520E-01  -1.622415E-01
6.600000E+00  -6.606941E-05   5.017830E-04  -3.353986E-01  -1.072216E-01  -8.011161E-01  -1.678789E-01
6.650001E+00   4.227899E-05   3.358320E-03  -3.400620E-01  -8.957416E-02  -8.095399E-01  -1.596701E-01
6.700000E+00   2.697626E-04  -2.246001E-03  -3.443560E-01  -9.234339E-02  -8.170831E-01  -1.459980E-01
6.750000E+00  -1.823211E-04  -6.457549E-03  -3.492964E-01  -9.905756E-02  -8.241397E-01  -1.456261E-01
6.800000E+00  -3.759923E-04   1.474369E-03  -3.542618E-01  -9.525537E-02  -8.316457E-01  -1.506013E-01
6.850000E+00  -3.488411E-05   4.409619E-03  -3.588219E-01  -8.809000E-02  -8.391998E-01  -1.487297E-01
6.900001E+00   6.496964E-05   3.606646E-04  -3.630708E-01  -8.362055E-02  -8.465187E-01  -1.394999E-01
6.950000E+00   1.182359E-06  -1.202103E-03  -3.671840E-01  -8.374900E-02  -8.531498E-01  -1.331651E-01
7.000000E+00  -5.524062E-05  -1.758523E-03  -3.714457E-01  -8.141011E-02  -8.598352E-01  -1.358241E-01
7.050000E+00  -1.746699E-04  -1.009841E-03  -3.753250E-01  -8.174390E-02  -8.667322E-01  -1.376390E-01
7.100000E+00  -1.562247E-04   2.127629E-03  -3.796200E-01  -9.179413E-02  -8.735991E-01  -1.353490E-01
7.150001E+00   3.809291E-05   3.005936E-03  -3.845044E-01  -8.928061E-02  -8.802671E-01  -1.321667E-01
7.200000E+00   1.443690E-04  -2.370695E-03  -3.885481E-01  -8.067399E-02  -8.868158E-01  -1.321507E-01
7.250000E+00  -1.989766E-04  -4.191988E-03  -3.925718E-01  -7.743388E-02  -8.934821E-01  -1.311231E-01
7.300000E+00  -2.748299E-04   2.454948E-03  -3.962915E-01  -7.313430E-02  -8.999281E-01  -1.225346E-01
7.350000E+00   4.651820E-05   5.165483E-03  -3.998852E-01  -7.263601E-02  -9.057356E-01  -1.154166E-01
7.400001E+00   2.417184E-04   5.968411E-04  -4.035551E-01  -7.967919E-02  -9.114698E-01  -1.187807E-01
7.450000E+00   1.062023E-04  -4.835251E-03  -4.078531E-01  -8.662462E-02  -9.176137E-01  -1.238662E-01
7.500000E+00  -2.418067E-04  -2.340131E-03  -4.122176E-01  -8.057922E-02  -9.238564E-01  -1.246017E-01
7.550000E+00  -1.278108E-04   3.909402E-03  -4.159110E-01  -7.118374E-02  -9.300739E-01  -1.183218E-01
7.600000E+00   1.491334E-04   4.397867E-03  -4.193359E-01  -7.177263E-02  -9.356886E-01  -1.124704E-01
7.650001E+00   3.119759E-04   1.952696E-03  -4.230883E-01  -7.351547E-02  -9.413209E-01  -1.134473E-01
7.700000E+00   3.444030E-04  -1.708096E-03  -4.266875E-01  -7.126182E-02  -9.470333E-01  -1.154363E-01
7.750000E+00   1.411663E-04  -2.453672E-03  -4.302145E-01  -7.895350E-02  -9.528645E-01  -1.163173E-01
7.800000E+00   9.903582E-05  -2.966903E-03  -4.345828E-01  -8.486688E-02  -9.586650E-01  -1.114142E-01
7.850000E+00  -1.555240E-04  -2.830822E-03  -4.387012E-01  -7.480592E-02  -9.640059E-01  -1.039332E-01
7.900001E+00  -1.840463E-04   9.452131E-04  -4.420634E-01  -6.142288E-02  -9.690583E-01  -1.055562E-01
7.950000E+00  -6.100267E-05   1.140459E-03  -4.448435E-01  -5.504429E-02  -9.745616E-01  -1.067680E-01
8.000000E+00  -7.000043E-05  -2.734131E-03  -4.475679E-01  -6.401241E-02  -9.797351E-01  -1.062620E-01
8.050000E+00  -3.344158E-04  -1.638421E-03  -4.512447E-01  -7.498562E-02  -9.851878E-01  -1.084656E-01
8.100000E+00  -2.338426E-04   4.604923E-03  -4.550664E-01  -7.415116E-02  -9.905817E-01  -1.080734E-01
8.150001E+00   1.260765E-04   7.878334E-03  -4.586598E-01  -6.739020E-02  -9.959951E-01  -1.049656E-01
8.200001E+00   5.539909E-04   1.860053E-03  -4.618054E-01  -5.763531E-02  -1.001078E+00  -1.005405E-01
8.250000E+00   3.120818E-04  -4.240172E-03  -4.644234E-01  -5.603582E-02  -1.006049E+00  -9.867072E-02
8.300000E+00   1.299737E-04  -2.780810E-03  -4.674090E-01  -5.597532E-02  -1.010945E+00  -1.004791E-01
8.350000E+00   3.400075E-05  -2.117744E-03  -4.700209E-01  -4.908115E-02  -1.016097E+00  -9.739041E-02
8.400001E+00  -8.180076E-05  -2.864340E-03  -4.723171E-01  -5.239397E-02  -1.020684E+00  -9.865165E-02
8.450001E+00  -2.524332E-04   1.130647E-03  -4.752603E-01  -5.736440E-02  -1.025962E+00  -1.040244E-01
8.500000E+00   3.126389E-05   4.296917E-03  -4.780536E-01  -5.224705E-02  -1.031087E+00  -1.004910E-01
8.550000E+00   1.772586E-04  -7.298220E-04  -4.804850E-01  -4.035443E-02  -1.036011E+00  -9.562969E-02
8.600000E+00  -4.171831E-05  -3.995704E-03  -4.820890E-01  -3.896683E-02  -1.040650E+00  -9.427905E-02
8.650001E+00  -2.223119E-04  -6.008109E-04  -4.843817E-01  -5.496293E-02  -1.045439E+00  -9.455562E-02
8.700001E+00  -1.017994E-04   3.762968E-03  -4.875853E-01  -5.648494E-02  -1.050105E+00  -9.504557E-02
8.750000E+00   1.539849E-04   3.615079E-03  -4.900302E-01  -4.598707E-02  -1.054944E+00  -9.543657E-02
8.800000E+00   2.597085E-04  -3.701039E-04  -4.921840E-01  -4.451543E-02  -1.059649E+00  -9.437561E-02
8.850000E+00   1.169745E-04  -8.760734E-04  -4.944817E-01  -4.475385E-02  -1.064381E+00  -9.068251E-02
8.900001E+00   1.721012E-04  -1.669917E-03  -4.966594E-01  -4.068494E-02  -1.068717E+00  -8.902669E-02
8.950001E+00  -5.001715E-05  -3.883173E-03  -4.985502E-01  -4.019618E-02  -1.073284E+00  -9.028196E-02
9.000000E+00  -2.162161E-04   4.217889E-04  -5.006790E-01  -4.464716E-02  -1.077745E+00  -9.257436E-02
9.050000E+00  -7.838256E-06   2.608416E-03  -5.030149E-01  -4.646063E-02  -1.082541E+00  -9.629965E-02
9.100000E+00   4.462544E-05  -6.203761E-04  -5.053251E-01  -4.389167E-02  -1.087375E+00  -9.787321E-02
9.150001E+00  -6.987587E-05  -2.376357E-03  -5.074041E-01  -3.505826E-02  -1.092329E+00  -9.415627E-02
9.200001E+00  -1.930102E-04  -1.030358E-03  -5.088309E-01  -2.472579E-02  -1.096791E+00  -8.714557E-02
9.250001E+00  -1.729116E-04   4.464679E-03  -5.098767E-01  -2.596915E-02  -1.101043E+00  -8.363724E-02
9.300000E+00   2.534577E-04   4.133773E-03  -5.114278E-01  -3.176212E-02  -1.105155E+00  -8.738160E-02
9.350000E+00   2.404656E-04  -1.853627E-03  -5.130529E-01  -3.212035E-02  -1.109782E+00  -9.261489E-02
9.400001E+00   6.809496E-05  -3.274838E-03  -5.146399E-01  -3.416479E-02  -1.114416E+00  -8.981705E-02
9.450001E+00  -8.701822E-05  -1.093704E-03  -5.164694E-01  -3.332436E-02  -1.118763E+00  -8.934140E-02
9.500001E+00  -4.127541E-05  -6.585827E-04  -5.179723E-01  -2.849281E-02  -1.123350E+00  -9.066343E-02
9.550000E+00  -1.528765E-04   4.173772E-04  -5.193186E-01  -2.999008E-02  -1.127830E+00  -9.179592E-02
9.600000E+00   4.623139E-07   4.597342E-03  -5.209713E-01  -2.971172E-02  -1.132530E+00  -9.216189E-02
9.650001E+00   3.068577E-04   2.659997E-03  -5.222898E-01  -2.966344E-02  -1.137046E+00  -8.420110E-02
9.700001E+00   2.664620E-04  -6.157347E-03  -5.239376E-01  -3.908575E-02  -1.140950E+00  -8.318186E-02
9.750001E+00  -3.088771E-04  -5.132170E-03  -5.261984E-01  -4.153252E-02  -1.145364E+00  -9.616256E-02
9.800000E+00  -2.467551E-04   2.652120E-03  -5.280909E-01  -3.448784E-02  -1.150566E+00  -9.779930E-02
9.850000E+00  -4.366508E-05  -2.098578E-04  -5.296472E-01  -2.353072E-02  -1.155144E+00  -8.547783E-02
9.900001E+00  -2.677408E-04   4.462909E-04  -5.304440E-01  -1.934528E-02  -1.159114E+00  -8.062005E-02
9.950001E+00   9.640139E-07   1.267374E-03  -5.315817E-01  -3.535688E-02  -1.163206E+00  -8.298278E-02
1.000000E+01  -1.410034E-04  -2.403729E-03  -5.339797E-01  -4.148006E-02  -1.167412E+00  -9.027123E-02
1.005000E+01  -2.394089E-04   3.198808E-03  -5.357297E-01  -2.542675E-02  -1.172233E+00  -8.860469E-02
1.010000E+01   1.788774E-04   6.729165E-03  -5.365223E-01  -1.800537E-02  -1.176273E+00  -7.663846E-02
1.015000E+01   4.335077E-04  -1.989881E-04  -5.375302E-01  -2.358794E-02  -1.179897E+00  -7.707000E-02
1.020000E+01   1.589786E-04  -3.035301E-03  -5.388811E-01  -3.017664E-02  -1.183980E+00  -8.755445E-02
1.025000E+01   1.299776E-04   6.083297E-04  -5.405479E-01  -3.032446E-02  -1.188652E+00  -9.300828E-02
1.030000E+01   2.198116E-04   7.209714E-04  -5.419136E-01  -2.079666E-02  -1.193281E+00  -8.407593E-02
1.035000E+01   2.020748E-04   2.726744E-04  -5.426276E-01  -1.520514E-02  -1.197060E+00  -8.099675E-02
1.040000E+01   2.470790E-04   1.271208E-03  -5.434341E-01  -2.184510E-02  -1.201380E+00  -8.832216E-02
1.045000E+01   3.291956E-04  -1.886696E-03  -5.448121E-01  -3.216803E-02  -1.205892E+00  -9.354591E-02
1.050000E+01   5.840947E-05  -8.114574E-03  -5.466509E-01  -3.469944E-02  -1.210735E+00  -9.220004E-02
1.055000E+01  -4.822618E-04  -4.392249E-03  -5.482820E-01  -3.023267E-02  -1.215112E+00  -7.465720E-02
1.060000E+01  -3.808154E-04   6.248403E-03  -5.496742E-01  -2.201378E-02  -1.218201E+00  -6.286860E-02
1.065000E+01   1.425785E-04   3.747131E-03  -5.504834E-01  -1.479030E-02  -1.221399E+00  -7.434130E-02
1.070000E+01  -6.102342E-06  -2.451655E-03  -5.511532E-01  -2.030492E-02  -1.225635E+00  -8.229852E-02
1.075000E+01  -1.025871E-04  -1.956425E-04  -5.525139E-01  -2.843678E-02  -1.229629E+00  -8.164287E-02
1.080000E+01  -2.566659E-05   1.857992E-03  -5.539969E-01  -2.386451E-02  -1.233799E+00  -8.104324E-02
1.085000E+01   8.321211E-05   2.771683E-03  -5.549003E-01  -1.882792E-02  -1.237733E+00  -7.706046E-02
1.090000E+01   2.515017E-04   4.527287E-03  -5.558797E-01  -2.727211E-02  -1.241505E+00  -7.911444E-02
1.095000E+01   5.359408E-04   1.726979E-03  -5.576276E-01  -3.564239E-02  -1.245645E+00  -8.503318E-02
1.100000E+01   4.241996E-04  -2.199315E-03  -5.594439E-01  -3.380835E-02  -1.250008E+00  -8.853197E-02
1.105000E+01   3.160093E-04  -1.403028E-03  -5.610084E-01  -3.271580E-02  -1.254498E+00  -9.363174E-02
1.110000E+01   2.838969E-04  -4.418695E-04  -5.627155E-01  -3.012478E-02  -1.259372E+00  -9.453654E-02
1.115000E+01   2.718224E-04   3.853871E-05  -5.640209E-01  -2.622306E-02  -1.263951E+00  -9.375930E-02
1.120000E+01   2.877507E-04   1.538469E-03  -5.653378E-01  -2.945423E-02  -1.268748E+00  -9.780169E-02
1.125000E+01   4.256693E-04   2.733431E-03  -5.669663E-01  -4.071355E-02  -1.273732E+00  -9.827971E-02
1.130000E+01   5.610938E-04  -7.606522E-04  -5.694091E-01  -4.611790E-02  -1.278576E+00  -1.000583E-01
1.135000E+01   3.496041E-04  -4.714558E-03  -5.715781E-01  -2.593994E-02  -1.283737E+00  -1.002789E-01
1.140000E+01   8.963792E-05  -2.355159E-03  -5.720031E-01  -9.611845E-03  -1.288603E+00  -1.019311E-01
1.145000E+01   1.140881E-04   1.608160E-03  -5.725393E-01  -2.365410E-02  -1.293931E+00  -1.125538E-01
1.150000E+01   2.504539E-04  -3.541438E-04  -5.743685E-01  -4.287660E-02  -1.299859E+00  -1.154327E-01
1.155000E+01   7.867376E-05  -3.938904E-03  -5.768269E-01  -3.290236E-02  -1.305474E+00  -1.084435E-01
1.160000E+01  -1.434365E-04   2.361103E-03  -5.776588E-01  -1.680493E-02  -1.310703E+00  -1.033068E-01
1.165000E+01   3.147841E-04   6.739879E-03  -5.785074E-01  -2.095878E-02  -1.315804E+00  -1.086020E-01
1.170000E+01   5.305515E-04  -1.489673E-03  -5.797547E-01  -3.175259E-02  -1.321563E+00  -1.172638E-01
1.175000E+01   1.658168E-04  -6.424089E-03  -5.816827E-01  -2.976477E-02  -1.327531E+00  -1.169372E-01
1.180000E+01  -1.118575E-04  -1.255528E-04  -5.827311E-01  -1.457572E-02  -1.333257E+00  -1.168942E-01
1.185000E+01   1.532616E-04   3.687824E-03  -5.831403E-01  -1.702368E-02  -1.339220E+00  -1.168203E-01
1.190000E+01   2.569249E-04   4.487370E-03  -5.844335E-01  -2.797842E-02  -1.344939E+00  -1.224947E-01
1.195000E+01   6.019985E-04   3.109605E-03  -5.859381E-01  -2.925515E-02  -1.351470E+00  -1.277149E-01
1.200000E+01   5.678854E-04  -1.600557E-03  -5.873590E-01  -2.591968E-02  -1.357711E+00  -1.253724E-01
1.205000E+01   4.419428E-04  -2.370671E-03  -5.885301E-01  -1.541734E-02  -1.364007E+00  -1.259863E-01
1.210000E+01   3.308183E-04  -8.972382E-04  -5.889007E-01  -2.040803E-02  -1.370309E+00  -1.243699E-01
1.215000E+01   3.522190E-04   1.008270E-03  -5.905709E-01  -3.604293E-02  -1.376444E+00  -1.232553E-01
1.220000E+01   4.316453E-04   1.894782E-03  -5.925050E-01  -3.017008E-02  -1.382635E+00  -1.254785E-01
1.225000E+01   5.416971E-04   7.090456E-04  -5.935879E-01  -1.943052E-02  -1.388992E+00  -1.232731E-01
1.230000E+01   5.025499E-04   7.323601E-04  -5.944481E-01  -2.223372E-02  -1.394962E+00  -1.220763E-01
1.235000E+01   6.149331E-04   1.084694E-03  -5.958112E-01  -2.961516E-02  -1.401199E+00  -1.226544E-01
1.240000E+01   6.110193E-04  -2.639573E-03  -5.974096E-01  -3.075719E-02  -1.407228E+00  -1.153934E-01
1.245000E+01   3.509758E-04  -4.334915E-03  -5.988870E-01  -3.892124E-02  -1.412739E+00  -1.003087E-01
1.250000E+01   1.775278E-04   1.467191E-04  -6.013017E-01  -5.215824E-02  -1.417258E+00  -7.566929E-02
1.255000E+01   3.656477E-04   1.124961E-03  -6.041028E-01  -5.424500E-02  -1.420306E+00  -3.841400E-02
1.260000E+01   2.900239E-04   1.893094E-03  -6.067262E-01  -4.004061E-02  -1.421100E+00   1.625896E-02
1.265000E+01   5.549571E-04   4.700583E-03  -6.081069E-01   2.189279E-03  -1.418680E+00   8.018136E-02
1.270000E+01   7.600822E-04   3.481200E-03  -6.065073E-01   7.208109E-02  -1.413082E+00   1.145697E-01
1.275000E+01   9.030772E-04   7.044914E-04  -6.008987E-01   1.276195E-01  -1.407223E+00   1.041114E-01
1.280000E+01   8.305314E-04  -3.010276E-03  -5.937454E-01   1.485199E-01  -1.402671E+00   8.128047E-02
1.285000E+01   6.020496E-04   2.262507E-03  -5.860468E-01   1.529372E-01  -1.399095E+00   7.103682E-02
1.290000E+01   1.056782E-03   5.780206E-03  -5.784516E-01   1.433206E-01  -1.395567E+00   6.696582E-02
1.295000E+01   1.180070E-03   1.516052E-03  -5.717147E-01   1.216984E-01  -1.392398E+00   5.404234E-02
1.300000E+01   1.208387E-03  -1.590076E-03  -5.662818E-01   9.076953E-02  -1.390163E+00   4.137874E-02
1.305000E+01   1.021063E-03  -1.794774E-03  -5.626377E-01   4.760444E-02  -1.388260E+00   3.524184E-02
1.310000E+01   1.028910E-03   4.424460E-03  -5.615214E-01   2.193987E-02  -1.386638E+00   3.378868E-02
1.315000E+01   1.463509E-03   7.828524E-03  -5.604438E-01   2.466083E-02  -1.384881E+00   3.890872E-02
1.320000E+01   1.811762E-03   6.050058E-04  -5.590553E-01   2.257884E-02  -1.382748E+00   3.374577E-02
1.325000E+01   1.524009E-03  -3.606806E-03  -5.581859E-01   2.212524E-03  -1.381507E+00   1.599789E-02
1.330000E+01   1.451082E-03   3.373015E-03  -5.588340E-01  -1.986265E-02  -1.381148E+00   5.893707E-03
1.335000E+01   1.861311E-03   5.349350E-03  -5.601721E-01  -1.759410E-02  -1.380918E+00   1.171112E-02
1.340000E+01   1.986017E-03  -1.901959E-04  -5.605934E-01  -1.079381E-02  -1.379977E+00   1.689792E-02
1.345000E+01   1.842291E-03   1.705359E-03  -5.612515E-01  -1.844227E-02  -1.379228E+00   1.776338E-02
1.350000E+01   2.156553E-03   3.787584E-03  -5.624377E-01  -3.511369E-02  -1.378200E+00   1.993418E-02
1.355000E+01   2.221050E-03   4.144176E-04  -5.647629E-01  -4.730105E-02  -1.377234E+00   1.564741E-02
1.360000E+01   2.197994E-03   1.879691E-03  -5.671678E-01  -3.451288E-02  -1.376636E+00   1.624823E-03
1.365000E+01   2.409019E-03   4.611677E-04  -5.682142E-01  -2.202332E-02  -1.377072E+00  -5.927086E-03
1.370000E+01   2.244111E-03  -3.513810E-03  -5.693701E-01  -3.381491E-02  -1.377228E+00   4.855394E-03
1.375000E+01   2.057638E-03   2.873386E-03  -5.715957E-01  -4.343688E-02  -1.376586E+00   1.304507E-02
1.380000E+01   2.531450E-03   7.653867E-03  -5.737138E-01  -4.566371E-02  -1.375924E+00   6.628036E-03
1.385000E+01   2.823024E-03  -8.625118E-04  -5.761620E-01  -4.507959E-02  -1.375924E+00  -6.772280E-03
1.390000E+01   2.445199E-03  -2.518650E-03  -5.782217E-01  -3.387809E-02  -1.376601E+00  -6.656647E-03
1.395000E+01   2.571159E-03   2.651054E-03  -5.795498E-01  -3.199577E-02  -1.376589E+00   2.163649E-03
1.400000E+01   2.710304E-03  -8.084043E-04  -5.814213E-01  -4.389405E-02  -1.376385E+00   9.000301E-04
1.405000E+01   2.490319E-03  -9.599398E-04  -5.839393E-01  -5.208910E-02  -1.376499E+00  -1.541376E-03
1.410000E+01   2.614310E-03   8.838675E-03  -5.866302E-01  -5.086124E-02  -1.376539E+00   5.602837E-05
1.415000E+01   3.374186E-03   8.004147E-03  -5.890254E-01  -3.956556E-02  -1.376494E+00  -1.393557E-03
1.420000E+01   3.414725E-03  -2.786419E-03  -5.905868E-01  -3.595471E-02  -1.376678E+00  -1.801252E-03
1.425000E+01   3.095544E-03  -7.643930E-03  -5.926208E-01  -4.880488E-02  -1.376674E+00   3.699064E-03
1.430000E+01   2.650332E-03   1.701966E-03  -5.954673E-01  -5.745888E-02  -1.376308E+00   2.995729E-03
1.435000E+01   3.265741E-03   9.322008E-03  -5.983667E-01  -5.019426E-02  -1.376374E+00  -2.813339E-03
1.440000E+01   3.582533E-03   8.347072E-04  -6.004867E-01  -3.682911E-02  -1.376590E+00  -2.762079E-03
1.445000E+01   3.349212E-03  -2.928986E-03  -6.020496E-01  -2.692699E-02  -1.376650E+00  -4.254580E-03
1.450000E+01   3.289634E-03  -4.306692E-04  -6.031794E-01  -2.206147E-02  -1.377015E+00  -1.104593E-02
1.455000E+01   3.306145E-03  -1.797674E-03  -6.042558E-01  -1.794219E-02  -1.377755E+00  -2.051473E-02
1.460000E+01   3.109867E-03  -3.786755E-03  -6.049736E-01  -1.686454E-02  -1.379066E+00  -2.238035E-02
1.465000E+01   2.927469E-03   2.951687E-03  -6.059422E-01  -2.193272E-02  -1.379993E+00  -2.041101E-02
1.470000E+01   3.405035E-03   6.938113E-03  -6.071669E-01  -2.409041E-02  -1.381108E+00  -2.168536E-02
1.475000E+01   3.621281E-03  -5.310820E-03  -6.083513E-01  -1.968741E-02  -1.382161E+00  -2.013326E-02
1.480000E+01   2.873953E-03  -6.818424E-03  -6.091356E-01  -2.289653E-02  -1.383121E+00  -1.990914E-02
1.485000E+01   2.939438E-03   7.839275E-03  -6.106409E-01  -1.174867E-02  -1.384152E+00  -2.665401E-02
1.490000E+01   3.657881E-03   9.646928E-03  -6.103105E-01  -1.703501E-03  -1.385786E+00  -3.074169E-02
1.495000E+01   3.904131E-03  -3.440755E-03  -6.108113E-01  -1.213312E-02  -1.387227E+00  -3.081560E-02
1.500000E+01   3.313805E-03  -3.440755E-03  -6.115238E-01  -1.213312E-02  -1.388868E+00  -3.081560E-02
