# problem = TPV10
# author = BradAagaard
# date = 2008-11-09
# code = EqSim
# code_version = 0.6.6
# element_size = 100m
# time_step =   5.000000E-02
# num_timesteps =      301
# location = -3.0 km off fault, 12.0 km along strike and -0.0 km depth
# Time series in 7 columns of E14.6:
# Column #1 = time (s)
# Column #2 = horizontal fault-parallel displacement (m)
# Column #3 = horizontal fault-parallel velocity (m/s)
# Column #4 = vertical displacement (m)
# Column #5 = vertical velocity (m/s)
# Column #6 = horizontal fault-normal displacement (m)
# Column #7 = horizontal fault-normal velocity (m/s)
#
# Data fields
#t h-disp h-vel v-disp v-vel n-disp n-vel

0.000000E+00   0.000000E+00   0.000000E+00  -0.000000E+00  -0.000000E+00  -0.000000E+00  -0.000000E+00
5.000000E-02   0.000000E+00   3.457623E-38  -0.000000E+00  -1.389790E-38  -0.000000E+00  -3.411968E-38
1.000000E-01   3.457623E-39   1.830085E-31  -1.389790E-39  -9.273459E-31  -3.411968E-39  -4.780777E-30
1.500000E-01   1.830085E-32   3.502919E-27  -9.273459E-32   8.303043E-28  -4.780776E-31   4.921955E-27
2.000000E-01   3.502919E-28  -4.583396E-25   8.303043E-29   7.886422E-25   4.921955E-28   1.495130E-24
2.500000E-01  -4.583395E-26   3.988838E-22   7.886413E-26   3.860187E-23   1.495125E-25   2.103201E-21
3.000000E-01   3.988873E-23   7.121548E-20   3.860270E-24  -2.867496E-20   2.103205E-22   9.542203E-19
3.500000E-01   7.121502E-21   1.245056E-17  -2.867417E-21   2.259409E-17   9.542218E-20   2.932780E-16
4.000000E-01   1.245096E-18   9.995985E-17   2.259413E-18   4.245032E-15   2.932802E-17   2.459602E-14
4.500000E-01   1.000311E-17   8.158540E-15   4.245003E-16   1.175377E-13   2.459697E-15   5.353138E-13
5.000000E-01   8.170991E-16   1.342464E-13   1.175603E-14   6.904619E-13   5.356071E-14   2.946337E-12
5.500000E-01   1.343464E-14   3.783331E-13   6.947069E-14   8.071259E-13   2.970934E-13   3.994227E-12
6.000000E-01   3.865040E-14   6.190130E-13   9.246861E-14  -1.905342E-13   4.529834E-13   1.080241E-12
6.500000E-01   7.533595E-14   1.896215E-12   5.041727E-14  -9.814673E-13   4.051175E-13  -6.116054E-13
7.000000E-01   2.282719E-13   2.484480E-12  -5.678107E-15  -3.663636E-12   3.918229E-13  -9.659142E-12
7.500001E-01   3.237840E-13   2.915848E-12  -3.159464E-13  -8.922970E-12  -5.607969E-13  -1.863186E-11
8.000001E-01   5.198567E-13   3.917547E-12  -8.979752E-13  -1.063642E-11  -1.471363E-12  -2.038474E-11
8.500000E-01   7.155387E-13   5.223338E-12  -1.379589E-12  -3.020105E-12  -2.599271E-12  -1.192851E-11
9.000000E-01   1.042191E-12   3.064786E-12  -1.199986E-12   9.642092E-12  -2.664214E-12   1.195999E-11
9.500000E-01   1.022017E-12   5.423948E-12  -4.153796E-13   4.930947E-12  -1.403272E-12  -3.292641E-12
1.000000E+00   1.584585E-12   8.193174E-12  -7.068910E-13  -1.431798E-11  -2.993478E-12  -2.134512E-11
1.050000E+00   1.841335E-12  -2.000844E-12  -1.847177E-12   1.046084E-11  -3.537784E-12  -6.179080E-12
1.100000E+00   1.384501E-12  -1.280733E-11   3.391930E-13   3.567540E-11  -3.611386E-12   1.388083E-11
1.150000E+00   5.606014E-13   3.142185E-12   1.720363E-12   6.473658E-12  -2.149701E-12   2.813152E-12
1.200000E+00   1.698719E-12   1.373214E-12   9.865588E-13   6.379390E-12  -3.330071E-12   3.682092E-11
1.250000E+00   6.979228E-13  -2.174841E-11   2.358302E-12   6.776688E-11   1.532391E-12   8.019543E-11
1.300000E+00  -4.761217E-13  -2.862443E-11   7.763247E-12   2.565003E-11   4.689471E-12   3.438014E-11
1.350000E+00  -2.164519E-12  -1.857395E-11   4.923305E-12  -8.332672E-11   4.970404E-12  -3.656476E-11
1.400000E+00  -2.333517E-12  -3.520752E-12  -5.694256E-13  -8.678658E-11   1.032996E-12  -9.091203E-11
1.450000E+00  -2.516595E-12  -2.949811E-12  -3.755353E-12  -4.617071E-12  -4.120799E-12  -6.093104E-11
1.500000E+00  -2.628498E-12   3.326741E-11  -1.031133E-12   1.716762E-11  -5.060108E-12   1.271563E-11
1.550000E+00   8.101464E-13   1.583525E-12  -2.038591E-12   2.837983E-11  -2.849236E-12   4.959207E-11
1.600000E+00  -2.470145E-12  -3.876356E-11   1.806850E-12   8.462045E-11  -1.009011E-13   2.289335E-11
1.650000E+00  -3.066210E-12  -4.258009E-11   6.423455E-12  -6.609260E-12  -5.599002E-13  -1.834007E-11
1.700000E+00  -6.728154E-12  -2.539608E-11   1.145924E-12  -5.279160E-11  -1.934908E-12  -3.527479E-11
1.750000E+00  -5.605818E-12   3.016621E-11   1.144294E-12   2.897513E-11  -4.087379E-12   5.136850E-11
1.800000E+00  -3.711533E-12   4.741753E-11   4.043438E-12   4.144496E-11   3.201942E-12   1.119085E-10
1.850000E+00  -8.640649E-13   3.480327E-11   5.288790E-12   3.003679E-11   7.103471E-12  -1.087894E-11
1.900000E+00  -2.312060E-13   3.419219E-11   7.047118E-12  -6.171438E-11   2.114049E-12  -6.098866E-11
1.950000E+00   2.555154E-12  -4.456095E-11  -8.826485E-13  -7.753817E-11   1.004605E-12   4.438087E-11
2.000000E+00  -4.687301E-12  -9.111602E-11  -7.066999E-13  -6.081947E-12   6.552136E-12   4.878184E-11
2.050000E+00  -6.556449E-12  -2.357254E-11  -1.490843E-12  -1.466798E-10   5.882789E-12   6.489767E-12
2.100000E+00  -7.044555E-12  -3.914675E-12  -1.537468E-11  -1.177261E-10   7.201113E-12   2.815352E-11
2.150000E+00  -6.947916E-12  -7.306655E-12  -1.326346E-11   5.032802E-11   8.698141E-12   2.239366E-11
2.200000E+00  -7.775220E-12   7.105427E-11  -1.034187E-11  -5.789212E-11   9.440480E-12  -1.074442E-12
2.250000E+00   1.575109E-13   2.514072E-11  -1.905267E-11  -1.093355E-10   8.590697E-12   1.188209E-11
2.300000E+00  -5.261148E-12  -1.664399E-11  -2.127543E-11   2.744102E-11   1.062869E-11  -8.487749E-11
2.350000E+00  -1.506888E-12   3.411825E-12  -1.630857E-11   1.150150E-10   1.029467E-13  -1.968240E-10
2.400000E+00  -4.919966E-12  -1.473660E-11  -9.773932E-12   1.126491E-10  -9.053714E-12  -1.033117E-10
2.450000E+00  -2.980548E-12   2.285213E-11  -5.043653E-12   6.814332E-11  -1.022822E-11  -5.672110E-11
2.500000E+00  -2.634753E-12  -8.582034E-12  -2.959599E-12  -1.158347E-11  -1.472582E-11  -3.224315E-11
2.550000E+00  -3.838751E-12   7.012146E-11  -6.202000E-12  -9.362902E-11  -1.345254E-11   3.598475E-11
2.600000E+00   4.377393E-12   1.096944E-09  -1.232250E-11  -9.297125E-10  -1.112735E-11  -6.487165E-10
2.650000E+00   1.058557E-10   1.116535E-08  -9.917325E-11  -9.848840E-09  -7.832419E-11  -7.956680E-09
2.700000E+00   1.120913E-09   9.614188E-08  -9.972065E-10  -8.497781E-08  -8.067954E-10  -6.840448E-08
2.750000E+00   9.720043E-09   6.366142E-07  -8.596954E-09  -5.637962E-07  -6.918772E-09  -4.442224E-07
2.800000E+00   6.478233E-08   3.213666E-06  -5.737683E-08  -2.836372E-06  -4.522904E-08  -2.188197E-06
2.850000E+00   3.310866E-07   1.236981E-05  -2.922341E-07  -1.082108E-05  -2.257385E-07  -8.177457E-06
2.900000E+00   1.301764E-06   3.664305E-05  -1.139485E-06  -3.165089E-05  -8.629747E-07  -2.334033E-05
2.950000E+00   3.995392E-06   8.608669E-05  -3.457324E-06  -7.346074E-05  -2.559771E-06  -5.231171E-05
3.000000E+00   9.910432E-06   1.709424E-04  -8.485558E-06  -1.451312E-04  -6.094146E-06  -9.840244E-05
3.050000E+00   2.108963E-05   3.127925E-04  -1.797044E-05  -2.663857E-04  -1.240002E-05  -1.715556E-04
3.100000E+00   4.118968E-05   5.586467E-04  -3.512413E-05  -4.772278E-04  -2.324971E-05  -2.967076E-04
3.150000E+00   7.695431E-05   9.843973E-04  -6.569322E-05  -8.409689E-04  -4.207077E-05  -5.123301E-04
3.200000E+00   1.396294E-04   1.725960E-03  -1.192210E-04  -1.476518E-03  -7.448272E-05  -8.869757E-04
3.250000E+00   2.495503E-04   3.031119E-03  -2.133450E-04  -2.595921E-03  -1.307683E-04  -1.546148E-03
3.300000E+00   4.427414E-04   5.214578E-03  -3.788131E-04  -4.454324E-03  -2.290975E-04  -2.624503E-03
3.350000E+00   7.710080E-04   8.430808E-03  -6.587775E-04  -7.159367E-03  -3.932187E-04  -4.096535E-03
3.400000E+00   1.285822E-03   1.217205E-02  -1.094750E-03  -1.024179E-02  -6.387510E-04  -5.459306E-03
3.450000E+00   1.988213E-03   1.495315E-02  -1.682957E-03  -1.245619E-02  -9.391493E-04  -5.639028E-03
3.500000E+00   2.781137E-03   1.558263E-02  -2.340369E-03  -1.297268E-02  -1.202654E-03  -4.033786E-03
3.550000E+00   3.546476E-03   1.497930E-02  -2.980225E-03  -1.266720E-02  -1.342528E-03  -1.674282E-03
3.600000E+00   4.279067E-03   1.464026E-02  -3.607089E-03  -1.249124E-02  -1.370082E-03   2.394285E-04
3.650000E+00   5.010501E-03   1.411086E-02  -4.229349E-03  -1.191928E-02  -1.318585E-03   2.116323E-03
3.700000E+00   5.690154E-03   1.302973E-02  -4.799017E-03  -1.107491E-02  -1.158450E-03   4.136027E-03
3.750000E+00   6.313474E-03   1.235284E-02  -5.336840E-03  -1.076582E-02  -9.049823E-04   5.564197E-03
3.800000E+00   6.925438E-03   1.230811E-02  -5.875599E-03  -1.082113E-02  -6.020299E-04   6.450173E-03
3.850000E+00   7.544286E-03   1.309598E-02  -6.418953E-03  -1.144698E-02  -2.599650E-04   6.667946E-03
3.900000E+00   8.235035E-03   1.416460E-02  -7.020297E-03  -1.227611E-02   6.476465E-05   6.685935E-03
3.950000E+00   8.960746E-03   1.444956E-02  -7.646563E-03  -1.259535E-02   4.086285E-04   7.531876E-03
4.000000E+00   9.679991E-03   1.538178E-02  -8.279832E-03  -1.356661E-02   8.179522E-04   7.902903E-03
4.050000E+00   1.049892E-02   1.726737E-02  -9.003224E-03  -1.514937E-02   1.198919E-03   7.540381E-03
4.100000E+00   1.140673E-02   1.851607E-02  -9.794769E-03  -1.610842E-02   1.571990E-03   7.722518E-03
4.150000E+00   1.235053E-02   1.944014E-02  -1.061407E-02  -1.684170E-02   1.971171E-03   8.044363E-03
4.200000E+00   1.335074E-02   2.063231E-02  -1.147894E-02  -1.777274E-02   2.376426E-03   8.596640E-03
4.250000E+00   1.441376E-02   2.210398E-02  -1.239134E-02  -1.902077E-02   2.830835E-03   9.089077E-03
4.300000E+00   1.556114E-02   2.427712E-02  -1.338102E-02  -2.094984E-02   3.285334E-03   8.706685E-03
4.350000E+00   1.684147E-02   2.677678E-02  -1.448632E-02  -2.292287E-02   3.701503E-03   8.558514E-03
4.400000E+00   1.823882E-02   2.846542E-02  -1.567330E-02  -2.409296E-02   4.141185E-03   9.167049E-03
4.450000E+00   1.968801E-02   2.997581E-02  -1.689562E-02  -2.525991E-02   4.618208E-03   9.931889E-03
4.500000E+00   2.123640E-02   3.247042E-02  -1.819929E-02  -2.703517E-02   5.134375E-03   1.039269E-02
4.550000E+00   2.293506E-02   3.505942E-02  -1.959914E-02  -2.887008E-02   5.657477E-03   1.057269E-02
4.600000E+00   2.474234E-02   3.692890E-02  -2.108630E-02  -3.009180E-02   6.191644E-03   1.127940E-02
4.650000E+00   2.662795E-02   3.810596E-02  -2.260832E-02  -3.014475E-02   6.785417E-03   1.289555E-02
4.700000E+00   2.855294E-02   3.905468E-02  -2.410078E-02  -2.972801E-02   7.481199E-03   1.454586E-02
4.750000E+00   3.053341E-02   4.132169E-02  -2.558112E-02  -3.096601E-02   8.240003E-03   1.424519E-02
4.800000E+00   3.268511E-02   4.506144E-02  -2.719738E-02  -3.406987E-02   8.905718E-03   1.300718E-02
4.850000E+00   3.503956E-02   4.839951E-02  -2.898810E-02  -3.585917E-02   9.540722E-03   1.348697E-02
4.900000E+00   3.752506E-02   5.038513E-02  -3.078330E-02  -3.604279E-02   1.025441E-02   1.478288E-02
4.950000E+00   4.007807E-02   5.101342E-02  -3.259239E-02  -3.728752E-02   1.101901E-02   1.535474E-02
5.000000E+00   4.262640E-02   5.100921E-02  -3.451205E-02  -3.918076E-02   1.178989E-02   1.589296E-02
5.050000E+00   4.517899E-02   5.256245E-02  -3.651046E-02  -4.082058E-02   1.260831E-02   1.677855E-02
5.100000E+00   4.788265E-02   5.760545E-02  -3.859410E-02  -4.294978E-02   1.346774E-02   1.495188E-02
5.150000E+00   5.093954E-02   6.854637E-02  -4.080544E-02  -4.694592E-02   1.410349E-02   8.203643E-03
5.200000E+00   5.473728E-02   8.385558E-02  -4.328870E-02  -5.427808E-02   1.428811E-02   1.608566E-03
5.250000E+00   5.932510E-02   9.522405E-02  -4.623324E-02  -6.162178E-02   1.426435E-02  -4.137820E-04
5.300000E+00   6.425969E-02   9.612311E-02  -4.945087E-02  -6.295539E-02   1.424673E-02  -1.935330E-03
5.350000E+00   6.893741E-02   8.455511E-02  -5.252878E-02  -5.739134E-02   1.407082E-02  -1.010251E-02
5.400000E+00   7.271519E-02   6.349657E-02  -5.519001E-02  -4.720870E-02   1.323648E-02  -2.662052E-02
5.450000E+00   7.528706E-02   4.028425E-02  -5.724966E-02  -3.580811E-02   1.140876E-02  -4.485417E-02
5.500000E+00   7.674362E-02   1.991436E-02  -5.877082E-02  -2.474735E-02   8.751063E-03  -6.078836E-02
5.550000E+00   7.727849E-02   3.627352E-03  -5.972439E-02  -1.454424E-02   5.329929E-03  -7.514961E-02
5.600000E+00   7.710636E-02  -7.234924E-03  -6.022524E-02  -7.060803E-03   1.236101E-03  -8.552112E-02
5.650000E+00   7.655501E-02  -1.345523E-02  -6.043047E-02   5.784817E-04  -3.222184E-03  -9.088494E-02
5.700000E+00   7.576083E-02  -1.494154E-02  -6.016739E-02   5.941354E-03  -7.852392E-03  -9.528915E-02
5.750000E+00   7.506085E-02  -1.080070E-02  -5.983634E-02   3.637224E-03  -1.275110E-02  -9.844305E-02
5.800000E+00   7.468076E-02  -3.619604E-03  -5.980367E-02   2.978370E-04  -1.769670E-02  -9.697066E-02
5.850000E+00   7.469890E-02   7.077493E-03  -5.980655E-02  -2.294928E-03  -2.244817E-02  -9.388518E-02
5.900000E+00   7.538851E-02   1.997173E-02  -6.003316E-02  -7.430743E-03  -2.708522E-02  -9.063710E-02
5.950000E+00   7.669607E-02   3.141657E-02  -6.054962E-02  -1.272907E-02  -3.151188E-02  -8.634926E-02
6.000000E+00   7.853017E-02   4.296843E-02  -6.130607E-02  -1.614885E-02  -3.572014E-02  -8.230583E-02
6.050000E+00   8.099291E-02   5.319335E-02  -6.216451E-02  -1.964768E-02  -3.974246E-02  -7.901920E-02
6.100000E+00   8.384950E-02   5.913723E-02  -6.327084E-02  -2.510834E-02  -4.362206E-02  -7.792644E-02
6.150000E+00   8.690663E-02   6.469242E-02  -6.467535E-02  -2.734847E-02  -4.753510E-02  -7.989793E-02
6.200000E+00   9.031875E-02   7.159878E-02  -6.600569E-02  -2.506904E-02  -5.161186E-02  -8.289778E-02
6.250000E+00   9.406651E-02   7.759001E-02  -6.718225E-02  -2.321236E-02  -5.582488E-02  -8.568110E-02
6.300000E+00   9.807774E-02   8.411534E-02  -6.832692E-02  -2.225395E-02  -6.017996E-02  -9.157751E-02
6.350000E+00   1.024780E-01   9.121109E-02  -6.940764E-02  -2.188966E-02  -6.498263E-02  -1.000077E-01
6.400001E+00   1.071989E-01   9.552471E-02  -7.051589E-02  -2.161305E-02  -7.018074E-02  -1.045050E-01
6.450000E+00   1.120305E-01   9.816140E-02  -7.156895E-02  -1.970615E-02  -7.543314E-02  -1.081369E-01
6.500000E+00   1.170150E-01   1.000134E-01  -7.248650E-02  -1.718789E-02  -8.099443E-02  -1.161778E-01
6.550000E+00   1.220319E-01   9.914827E-02  -7.328774E-02  -1.541991E-02  -8.705091E-02  -1.252798E-01
6.600000E+00   1.269298E-01   9.846102E-02  -7.402849E-02  -1.179304E-02  -9.352241E-02  -1.337285E-01
6.650001E+00   1.318780E-01   1.002998E-01  -7.446705E-02  -8.291043E-03  -1.004238E-01  -1.437470E-01
6.700000E+00   1.369598E-01   1.027615E-01  -7.485760E-02  -1.039024E-02  -1.078971E-01  -1.563776E-01
6.750000E+00   1.421541E-01   1.022983E-01  -7.550607E-02  -1.163386E-02  -1.160615E-01  -1.711067E-01
6.800000E+00   1.471896E-01   9.798758E-02  -7.602099E-02  -9.901933E-03  -1.250078E-01  -1.876660E-01
6.850000E+00   1.519529E-01   9.629764E-02  -7.649626E-02  -9.903014E-03  -1.348281E-01  -2.073530E-01
6.900001E+00   1.568194E-01   9.679079E-02  -7.701129E-02  -1.013298E-02  -1.457431E-01  -2.351838E-01
6.950000E+00   1.616319E-01   9.295709E-02  -7.750956E-02  -1.339402E-02  -1.583465E-01  -2.741340E-01
7.000000E+00   1.661151E-01   8.499533E-02  -7.835069E-02  -2.332311E-02  -1.731565E-01  -3.178449E-01
7.050000E+00   1.701315E-01   7.323600E-02  -7.984187E-02  -3.531240E-02  -1.901310E-01  -3.552985E-01
7.100000E+00   1.734387E-01   5.817726E-02  -8.188193E-02  -4.656296E-02  -2.086863E-01  -3.842143E-01
7.150001E+00   1.759492E-01   4.140697E-02  -8.449817E-02  -5.898301E-02  -2.285524E-01  -4.085045E-01
7.200000E+00   1.775794E-01   2.574317E-02  -8.778023E-02  -7.034313E-02  -2.495368E-01  -4.251947E-01
7.250000E+00   1.785235E-01   1.333266E-02  -9.153248E-02  -8.011315E-02  -2.710719E-01  -4.355580E-01
7.300000E+00   1.789127E-01   7.028133E-04  -9.579155E-02  -9.296078E-02  -2.930926E-01  -4.448234E-01
7.350000E+00   1.785938E-01  -1.111262E-02  -1.008286E-01  -1.115373E-01  -3.155542E-01  -4.481623E-01
7.400001E+00   1.778014E-01  -1.704507E-02  -1.069453E-01  -1.376295E-01  -3.379088E-01  -4.344352E-01
7.450000E+00   1.768893E-01  -2.197109E-02  -1.145915E-01  -1.647035E-01  -3.589978E-01  -4.063109E-01
7.500000E+00   1.756043E-01  -2.524927E-02  -1.234156E-01  -1.801188E-01  -3.785399E-01  -3.763627E-01
7.550000E+00   1.743644E-01  -2.412990E-02  -1.326034E-01  -1.786978E-01  -3.966340E-01  -3.464888E-01
7.600000E+00   1.731913E-01  -2.493419E-02  -1.412854E-01  -1.679653E-01  -4.131888E-01  -3.232370E-01
7.650001E+00   1.718709E-01  -2.649039E-02  -1.493999E-01  -1.603885E-01  -4.289577E-01  -3.094471E-01
7.700000E+00   1.705423E-01  -2.286956E-02  -1.573243E-01  -1.540863E-01  -4.441335E-01  -3.006490E-01
7.750000E+00   1.695840E-01  -1.780860E-02  -1.648086E-01  -1.458690E-01  -4.590226E-01  -2.923422E-01
7.800000E+00   1.687614E-01  -1.621008E-02  -1.719112E-01  -1.447865E-01  -4.733677E-01  -2.837044E-01
7.850000E+00   1.679630E-01  -1.560763E-02  -1.792872E-01  -1.475985E-01  -4.873931E-01  -2.795902E-01
7.900001E+00   1.672006E-01  -1.359373E-02  -1.866710E-01  -1.469012E-01  -5.013267E-01  -2.752790E-01
7.950000E+00   1.666036E-01  -1.359239E-02  -1.939773E-01  -1.475712E-01  -5.149209E-01  -2.716169E-01
8.000000E+00   1.658414E-01  -1.751266E-02  -2.014281E-01  -1.454635E-01  -5.284884E-01  -2.684048E-01
8.050000E+00   1.648524E-01  -1.893945E-02  -2.085237E-01  -1.404998E-01  -5.417614E-01  -2.642018E-01
8.100000E+00   1.639475E-01  -2.019078E-02  -2.154781E-01  -1.390988E-01  -5.549086E-01  -2.624011E-01
8.150001E+00   1.628333E-01  -2.450578E-02  -2.224336E-01  -1.370198E-01  -5.680015E-01  -2.581710E-01
8.200001E+00   1.614969E-01  -2.631336E-02  -2.291801E-01  -1.353060E-01  -5.807257E-01  -2.524701E-01
8.250000E+00   1.602019E-01  -2.733059E-02  -2.359641E-01  -1.359332E-01  -5.932485E-01  -2.493942E-01
8.300000E+00   1.587638E-01  -3.039867E-02  -2.427734E-01  -1.317228E-01  -6.056651E-01  -2.468994E-01
8.350000E+00   1.571621E-01  -3.282137E-02  -2.491364E-01  -1.268645E-01  -6.179385E-01  -2.445385E-01
8.400001E+00   1.554817E-01  -3.215902E-02  -2.554598E-01  -1.259983E-01  -6.301190E-01  -2.424428E-01
8.450001E+00   1.539462E-01  -3.072940E-02  -2.617363E-01  -1.243179E-01  -6.421828E-01  -2.386624E-01
8.500000E+00   1.524087E-01  -3.440253E-02  -2.678916E-01  -1.208632E-01  -6.539851E-01  -2.326301E-01
8.550000E+00   1.505059E-01  -3.801078E-02  -2.738226E-01  -1.162268E-01  -6.654458E-01  -2.285850E-01
8.600000E+00   1.486077E-01  -3.736742E-02  -2.795143E-01  -1.097868E-01  -6.768436E-01  -2.262729E-01
8.650001E+00   1.467692E-01  -3.656656E-02  -2.848012E-01  -1.043341E-01  -6.880730E-01  -2.189428E-01
8.700001E+00   1.449510E-01  -3.297068E-02  -2.899477E-01  -1.050776E-01  -6.987380E-01  -2.103525E-01
8.750000E+00   1.434721E-01  -2.753884E-02  -2.953090E-01  -1.041879E-01  -7.091084E-01  -2.008000E-01
8.800000E+00   1.421971E-01  -1.976758E-02  -3.003665E-01  -9.558618E-02  -7.188179E-01  -1.858070E-01
8.850000E+00   1.414953E-01  -1.006491E-02  -3.048676E-01  -8.743674E-02  -7.276890E-01  -1.725066E-01
8.900001E+00   1.411906E-01  -2.569184E-03  -3.091102E-01  -8.218691E-02  -7.360686E-01  -1.636201E-01
8.950001E+00   1.412384E-01   8.025169E-03  -3.130863E-01  -7.530421E-02  -7.440510E-01  -1.542294E-01
9.000000E+00   1.419932E-01   2.020195E-02  -3.166406E-01  -7.028177E-02  -7.514915E-01  -1.399422E-01
9.050000E+00   1.432586E-01   3.074244E-02  -3.201145E-01  -6.956398E-02  -7.580453E-01  -1.242059E-01
9.100000E+00   1.450674E-01   4.073083E-02  -3.235970E-01  -6.831795E-02  -7.639121E-01  -1.079544E-01
9.150001E+00   1.473317E-01   4.875034E-02  -3.269463E-01  -6.719738E-02  -7.688407E-01  -8.909702E-02
9.200001E+00   1.499424E-01   5.472288E-02  -3.303168E-01  -6.541044E-02  -7.728218E-01  -7.006705E-02
9.250001E+00   1.528040E-01   5.829372E-02  -3.334873E-01  -5.639657E-02  -7.758474E-01  -4.780412E-02
9.300000E+00   1.557718E-01   6.086685E-02  -3.359564E-01  -4.468933E-02  -7.776023E-01  -2.505183E-02
9.350000E+00   1.588907E-01   6.229937E-02  -3.379563E-01  -3.251329E-02  -7.783526E-01  -5.066693E-03
9.400001E+00   1.620017E-01   6.273776E-02  -3.392077E-01  -1.847044E-02  -7.781090E-01   1.333117E-02
9.450001E+00   1.651644E-01   6.040491E-02  -3.398033E-01   3.093481E-04  -7.770195E-01   2.791435E-02
9.500001E+00   1.680422E-01   5.048610E-02  -3.391768E-01   2.194837E-02  -7.753175E-01   3.461123E-02
9.550000E+00   1.702131E-01   3.770642E-02  -3.376085E-01   3.983513E-02  -7.735584E-01   3.590047E-02
9.600000E+00   1.718129E-01   2.887033E-02  -3.351933E-01   5.614102E-02  -7.717274E-01   3.831625E-02
9.650001E+00   1.731001E-01   2.307989E-02  -3.319944E-01   6.593287E-02  -7.697268E-01   4.085958E-02
9.700001E+00   1.741209E-01   1.663625E-02  -3.286000E-01   6.946668E-02  -7.676415E-01   3.979743E-02
9.750001E+00   1.747637E-01   1.314275E-02  -3.250477E-01   7.190123E-02  -7.657470E-01   3.670633E-02
9.800000E+00   1.754351E-01   1.075730E-02  -3.214099E-01   7.121086E-02  -7.639709E-01   3.705800E-02
9.850000E+00   1.758395E-01   6.464273E-03  -3.179266E-01   6.988764E-02  -7.620412E-01   3.758311E-02
9.900001E+00   1.760816E-01   2.219453E-03  -3.144211E-01   6.940022E-02  -7.602125E-01   3.152996E-02
9.950001E+00   1.760614E-01  -3.159940E-03  -3.109866E-01   6.786019E-02  -7.588882E-01   2.412319E-02
1.000000E+01   1.757656E-01  -5.215630E-03  -3.076351E-01   6.513566E-02  -7.578002E-01   2.271354E-02
1.005000E+01   1.755398E-01  -3.348738E-03  -3.044730E-01   6.268948E-02  -7.566168E-01   2.295256E-02
1.010000E+01   1.754307E-01  -3.874227E-03  -3.013662E-01   5.825147E-02  -7.555050E-01   1.914233E-02
1.015000E+01   1.751524E-01  -7.149652E-03  -2.986479E-01   5.532727E-02  -7.547026E-01   1.651704E-02
1.020000E+01   1.747157E-01  -6.470308E-03  -2.958334E-01   5.587280E-02  -7.538533E-01   1.964211E-02
1.025000E+01   1.745054E-01  -6.489456E-03  -2.930606E-01   5.480334E-02  -7.527384E-01   1.846284E-02
1.030000E+01   1.740668E-01  -8.935854E-03  -2.903531E-01   5.114913E-02  -7.520070E-01   1.664311E-02
1.035000E+01   1.736118E-01  -8.746237E-03  -2.879457E-01   4.747570E-02  -7.510741E-01   2.066165E-02
1.040000E+01   1.731922E-01  -9.115487E-03  -2.856055E-01   4.597470E-02  -7.499408E-01   1.850426E-02
1.045000E+01   1.727002E-01  -9.388104E-03  -2.833482E-01   4.388794E-02  -7.492236E-01   1.127183E-02
1.050000E+01   1.722533E-01  -9.183288E-03  -2.812167E-01   4.434332E-02  -7.488136E-01   1.076698E-02
1.055000E+01   1.717819E-01  -7.837713E-03  -2.789139E-01   4.167929E-02  -7.481470E-01   1.347542E-02
1.060000E+01   1.714696E-01  -4.997402E-03  -2.770488E-01   3.602698E-02  -7.474661E-01   1.012474E-02
1.065000E+01   1.712822E-01  -6.414205E-03  -2.753112E-01   3.012434E-02  -7.471344E-01   4.587173E-03
1.070000E+01   1.708282E-01  -9.336025E-03  -2.740363E-01   2.678037E-02  -7.470074E-01   4.728138E-03
1.075000E+01   1.703486E-01  -7.442832E-03  -2.726332E-01   2.873108E-02  -7.466617E-01   6.279945E-03
1.080000E+01   1.700839E-01  -5.078614E-03  -2.711633E-01   3.092647E-02  -7.463794E-01   3.945827E-03
1.085000E+01   1.698407E-01  -7.439181E-03  -2.695405E-01   2.845868E-02  -7.462671E-01   5.571246E-03
1.090000E+01   1.693400E-01  -9.355992E-03  -2.683174E-01   2.091408E-02  -7.458223E-01   9.123385E-03
1.095000E+01   1.689051E-01  -9.948462E-03  -2.674491E-01   1.713976E-02  -7.453548E-01   7.977486E-03
1.100000E+01   1.683451E-01  -8.649305E-03  -2.666034E-01   1.692221E-02  -7.450245E-01   4.786849E-03
1.105000E+01   1.680402E-01  -3.742650E-03  -2.657569E-01   1.661330E-02  -7.448760E-01   2.798438E-03
1.110000E+01   1.679708E-01  -4.235134E-03  -2.649421E-01   1.173794E-02  -7.447447E-01   3.744960E-03
1.115000E+01   1.676167E-01  -6.847084E-03  -2.645831E-01   4.523695E-03  -7.445016E-01   1.455247E-03
1.120000E+01   1.672861E-01  -5.770847E-03  -2.644897E-01   4.042536E-03  -7.445991E-01   3.549457E-03
1.125000E+01   1.670396E-01  -3.053918E-03  -2.641788E-01   1.372546E-03  -7.441466E-01   8.668602E-03
1.130000E+01   1.669807E-01  -7.241964E-05  -2.643524E-01  -6.243140E-03  -7.437323E-01   1.651049E-04
1.135000E+01   1.670323E-01  -2.190769E-03  -2.648032E-01  -9.801537E-03  -7.441301E-01  -8.982122E-03
1.140000E+01   1.667617E-01  -5.061552E-03  -2.653326E-01  -1.075566E-02  -7.446305E-01  -7.330775E-03
1.145000E+01   1.665262E-01  -2.407357E-03  -2.658787E-01  -1.817465E-02  -7.448632E-01  -5.639791E-03
1.150000E+01   1.665209E-01  -2.355874E-03  -2.671501E-01  -2.005234E-02  -7.451944E-01  -2.823770E-03
1.155000E+01   1.662906E-01  -3.163368E-03  -2.678840E-01  -1.374483E-02  -7.451456E-01  -4.857779E-04
1.160000E+01   1.662046E-01  -1.291782E-03  -2.685246E-01  -1.131549E-02  -7.452431E-01  -2.380013E-03
1.165000E+01   1.661614E-01  -5.641580E-04  -2.690155E-01  -6.998628E-03  -7.453836E-01  -2.298653E-03
1.170000E+01   1.661482E-01   2.317950E-03  -2.692244E-01  -7.135719E-03  -7.454729E-01  -1.130998E-03
1.175000E+01   1.663932E-01   4.268959E-03  -2.697291E-01  -1.825020E-02  -7.454966E-01  -1.703501E-03
1.180000E+01   1.665751E-01   1.179650E-03  -2.710494E-01  -1.965314E-02  -7.456433E-01  -2.106428E-03
1.185000E+01   1.665112E-01   2.075732E-04  -2.716944E-01  -7.523894E-03  -7.457073E-01   1.522899E-04
1.190000E+01   1.665958E-01  -3.319979E-04  -2.718018E-01  -8.587837E-03  -7.456280E-01   4.613400E-04
1.195000E+01   1.664780E-01  -3.619716E-03  -2.725532E-01  -1.451924E-02  -7.456611E-01  -1.245439E-03
1.200000E+01   1.662339E-01  -4.424676E-03  -2.732537E-01  -1.824945E-02  -7.457526E-01  -3.210604E-03
1.205000E+01   1.660355E-01  -1.492351E-04  -2.743781E-01  -1.763821E-02  -7.459822E-01  -3.540814E-03
1.210000E+01   1.662189E-01   2.579913E-03  -2.750176E-01  -1.423746E-02  -7.461066E-01  -7.714629E-03
1.215000E+01   1.662935E-01  -5.235150E-03  -2.758019E-01  -1.660928E-02  -7.467537E-01  -1.120359E-02
1.220000E+01   1.656954E-01  -9.069964E-03  -2.766785E-01  -1.423985E-02  -7.472270E-01  -6.544590E-03
1.225000E+01   1.653865E-01  -2.853200E-03  -2.772259E-01  -1.439661E-02  -7.474082E-01  -9.146035E-03
1.230000E+01   1.654101E-01   2.238899E-04  -2.781182E-01  -2.227977E-02  -7.481416E-01  -1.316190E-02
1.235000E+01   1.654089E-01  -1.300722E-03  -2.794538E-01  -2.311021E-02  -7.487243E-01  -1.321197E-02
1.240000E+01   1.652800E-01  -1.133978E-03  -2.804292E-01  -1.958981E-02  -7.494628E-01  -1.134902E-02
1.245000E+01   1.652955E-01  -2.483726E-03  -2.814128E-01  -1.866892E-02  -7.498592E-01  -6.353259E-03
1.250000E+01   1.650317E-01  -3.613159E-03  -2.822961E-01  -2.026469E-02  -7.500981E-01  -8.759201E-03
1.255000E+01   1.649342E-01  -2.989173E-04  -2.834393E-01  -2.250120E-02  -7.507352E-01  -1.468360E-02
1.260000E+01   1.650018E-01  -9.565800E-04  -2.845462E-01  -2.029687E-02  -7.515665E-01  -1.432389E-02
1.265000E+01   1.648385E-01  -3.309846E-03  -2.854690E-01  -2.368167E-02  -7.521676E-01  -1.267523E-02
1.270000E+01   1.646708E-01  -2.339557E-03  -2.869143E-01  -2.735645E-02  -7.528340E-01  -1.271993E-02
1.275000E+01   1.646046E-01   8.043647E-04  -2.882046E-01  -2.435669E-02  -7.534395E-01  -1.231819E-02
1.280000E+01   1.647512E-01  -9.948760E-04  -2.893500E-01  -2.454415E-02  -7.540659E-01  -1.393586E-02
1.285000E+01   1.645051E-01  -7.019937E-03  -2.906590E-01  -2.062514E-02  -7.548331E-01  -1.402199E-02
1.290000E+01   1.640492E-01  -8.065552E-03  -2.914125E-01  -1.506120E-02  -7.554680E-01  -1.826346E-02
1.295000E+01   1.636985E-01  -8.144826E-03  -2.921652E-01  -1.714244E-02  -7.566595E-01  -2.399027E-02
1.300000E+01   1.632347E-01  -7.704198E-03  -2.931268E-01  -2.005622E-02  -7.578671E-01  -2.887964E-02
1.305000E+01   1.629281E-01  -4.283190E-03  -2.941708E-01  -2.164379E-02  -7.595475E-01  -3.084213E-02
1.310000E+01   1.628064E-01  -6.621182E-03  -2.952912E-01  -2.149880E-02  -7.609513E-01  -2.299547E-02
1.315000E+01   1.622660E-01  -7.513240E-03  -2.963206E-01  -1.965985E-02  -7.618470E-01  -2.376258E-02
1.320000E+01   1.620551E-01  -3.608018E-03  -2.972572E-01  -2.030879E-02  -7.633275E-01  -3.252268E-02
1.325000E+01   1.619052E-01  -4.343688E-03  -2.983515E-01  -1.842022E-02  -7.650993E-01  -3.172189E-02
1.330000E+01   1.616207E-01  -2.174899E-03  -2.990992E-01  -1.551062E-02  -7.664998E-01  -2.807647E-02
1.335000E+01   1.616877E-01  -9.838492E-04  -2.999026E-01  -1.755327E-02  -7.679069E-01  -2.961457E-02
1.340000E+01   1.615223E-01  -3.420785E-03  -3.008545E-01  -1.967028E-02  -7.694612E-01  -3.055632E-02
1.345000E+01   1.613456E-01  -2.819151E-03  -3.018696E-01  -1.521081E-02  -7.709625E-01  -3.047079E-02
1.350000E+01   1.612404E-01  -5.135983E-03  -3.023756E-01  -8.109063E-03  -7.725083E-01  -3.264278E-02
1.355000E+01   1.608320E-01  -7.425100E-03  -3.026805E-01  -5.296767E-03  -7.742268E-01  -3.562838E-02
1.360000E+01   1.604979E-01  -9.881705E-04  -3.029053E-01  -6.266832E-03  -7.760711E-01  -3.969312E-02
1.365000E+01   1.607332E-01   1.138449E-03  -3.033072E-01  -9.225011E-03  -7.781961E-01  -4.135072E-02
1.370000E+01   1.606118E-01  -3.655925E-03  -3.038278E-01  -1.273647E-02  -7.802062E-01  -3.784984E-02
1.375000E+01   1.603676E-01  -4.959330E-03  -3.045809E-01  -1.561195E-02  -7.819811E-01  -3.739476E-02
1.380000E+01   1.601158E-01  -3.423691E-03  -3.053890E-01  -1.328886E-02  -7.839457E-01  -3.846556E-02
1.385000E+01   1.600252E-01  -1.211762E-03  -3.059098E-01  -1.081795E-02  -7.858276E-01  -4.071772E-02
1.390000E+01   1.599947E-01  -2.747402E-03  -3.064708E-01  -1.515746E-02  -7.880174E-01  -4.701585E-02
1.395000E+01   1.597505E-01  -2.444983E-03  -3.074255E-01  -2.096891E-02  -7.905293E-01  -4.606158E-02
1.400000E+01   1.597502E-01   1.448244E-03  -3.085676E-01  -2.070501E-02  -7.926236E-01  -3.876984E-02
1.405000E+01   1.598953E-01  -4.218519E-03  -3.094960E-01  -1.941100E-02  -7.944062E-01  -3.206402E-02
1.410000E+01   1.593283E-01  -7.247031E-03  -3.105087E-01  -1.947984E-02  -7.958300E-01  -3.059268E-02
1.415000E+01   1.591706E-01  -6.050617E-04  -3.114440E-01  -1.535937E-02  -7.974655E-01  -3.829122E-02
1.420000E+01   1.592678E-01  -6.054342E-04  -3.120447E-01  -1.351193E-02  -7.996591E-01  -4.198223E-02
1.425000E+01   1.591101E-01  -1.194328E-04  -3.127952E-01  -1.225963E-02  -8.016638E-01  -3.793567E-02
1.430000E+01   1.592559E-01  -1.267493E-03  -3.132706E-01  -1.398578E-02  -8.034527E-01  -3.892839E-02
1.435000E+01   1.589833E-01  -1.794621E-03  -3.141937E-01  -1.473337E-02  -8.055565E-01  -4.139811E-02
1.440000E+01   1.590764E-01  -5.894154E-04  -3.147440E-01  -1.066983E-02  -8.075925E-01  -4.073977E-02
1.445000E+01   1.589244E-01  -2.541840E-03  -3.152607E-01  -1.028553E-02  -8.096305E-01  -4.171133E-02
1.450000E+01   1.588222E-01   6.277859E-04  -3.157725E-01  -9.942204E-03  -8.117636E-01  -4.090816E-02
1.455000E+01   1.589872E-01   2.075806E-03  -3.162549E-01  -1.221284E-02  -8.137214E-01  -3.929704E-02
1.460000E+01   1.590298E-01  -5.364418E-06  -3.169938E-01  -1.734436E-02  -8.156933E-01  -3.971457E-02
1.465000E+01   1.589866E-01   1.237318E-03  -3.179894E-01  -1.463354E-02  -8.176928E-01  -3.790051E-02
1.470000E+01   1.591535E-01  -6.176531E-05  -3.184572E-01  -1.286566E-02  -8.194834E-01  -3.628403E-02
1.475000E+01   1.589805E-01  -3.261566E-03  -3.192759E-01  -1.135886E-02  -8.213212E-01  -3.816575E-02
1.480000E+01   1.588274E-01  -1.382306E-03  -3.195931E-01  -9.263754E-03  -8.232999E-01  -4.143506E-02
1.485000E+01   1.588422E-01   1.583099E-03  -3.202023E-01  -1.446411E-02  -8.254647E-01  -4.352778E-02
1.490000E+01   1.589857E-01   1.469404E-03  -3.210395E-01  -1.417354E-02  -8.276527E-01  -3.827274E-02
1.495000E+01   1.589892E-01  -2.454221E-03  -3.216197E-01  -9.087622E-03  -8.292920E-01  -2.980858E-02
1.500000E+01   1.587403E-01  -2.454221E-03  -3.219482E-01  -9.087622E-03  -8.306336E-01  -2.980858E-02
