# problem = TPV10
# author = BradAagaard
# date = 2008-11-09
# code = EqSim
# code_version = 0.6.6
# element_size = 100m
# time_step =   5.000000E-02
# num_timesteps =      301
# location = 2.0 km off fault, 0.0 km along strike and -0.0 km depth
# Time series in 7 columns of E14.6:
# Column #1 = time (s)
# Column #2 = horizontal fault-parallel displacement (m)
# Column #3 = horizontal fault-parallel velocity (m/s)
# Column #4 = vertical displacement (m)
# Column #5 = vertical velocity (m/s)
# Column #6 = horizontal fault-normal displacement (m)
# Column #7 = horizontal fault-normal velocity (m/s)
#
# Data fields
# t h-disp h-vel v-disp v-vel n-disp n-vel
0.000000E+00   0.000000E+00   0.000000E+00  -0.000000E+00  -0.000000E+00  -0.000000E+00  -0.000000E+00
5.000000E-02   0.000000E+00   1.239787E-20  -0.000000E+00   3.933583E-23  -0.000000E+00  -3.700966E-21
1.000000E-01   1.239787E-21  -5.005036E-18   3.933583E-24  -1.921484E-18  -3.700966E-22   2.782660E-19
1.500000E-01  -5.005036E-19   1.205955E-16  -1.921484E-19  -4.635834E-16   2.782660E-20   1.736040E-16
2.000000E-01   1.206079E-17  -5.472888E-15  -4.635833E-17  -8.437570E-14   1.736003E-17   5.550562E-14
2.500000E-01  -5.477893E-16   2.358720E-13  -8.437762E-15  -1.139207E-12   5.550590E-15   1.712242E-12
3.000000E-01   2.359926E-14   8.113136E-13  -1.139671E-13   1.104612E-11   1.712416E-13   1.290012E-12
3.500000E-01   8.058357E-14   4.219304E-12   1.096174E-12   5.524852E-11   1.345518E-13  -4.843633E-11
4.000000E-01   4.455296E-13   6.956166E-12   5.410885E-12  -4.798183E-12  -4.672392E-12  -3.433080E-11
4.500000E-01   7.762002E-13   4.194750E-12   6.163559E-13  -3.710647E-11  -3.298528E-12   2.870983E-11
5.000000E-01   8.650047E-13  -1.542506E-11   1.700238E-12   9.190621E-12  -1.801409E-12  -4.869829E-11
5.500000E-01  -7.663062E-13  -3.514080E-11   1.535418E-12   1.283334E-10  -8.168357E-12  -2.574344E-11
6.000000E-01  -2.649075E-12   2.966509E-11   1.453358E-11   6.255370E-11  -4.375753E-12   7.569938E-11
6.500000E-01   2.200203E-12  -3.769736E-12   7.790788E-12  -1.862391E-10  -5.984198E-13   9.163523E-11
7.000000E-01  -3.026049E-12  -8.348259E-11  -4.090327E-12  -6.087309E-12   4.787770E-12  -2.498549E-11
7.500001E-01  -6.148056E-12   2.951334E-11   7.182057E-12   5.098028E-11  -3.096968E-12  -1.212742E-10
8.000001E-01  -7.471451E-14   4.388474E-11   1.007700E-12  -5.989845E-11  -7.339652E-12   5.900527E-11
8.500000E-01  -1.759581E-12   2.934712E-11   1.192211E-12  -4.079034E-11   2.803558E-12  -1.512753E-11
9.000000E-01   2.859997E-12   2.847334E-11  -3.071334E-12   7.288865E-11  -8.852405E-12  -5.496022E-11
9.500000E-01   1.087753E-12  -5.353383E-11   8.481077E-12   1.425251E-10  -2.692463E-12   1.674378E-11
1.000000E+00  -2.493385E-12  -1.611733E-11   1.118118E-11  -8.647927E-11  -7.178027E-12   1.641653E-10
1.050000E+00  -5.239797E-13  -4.588203E-12  -1.668499E-13  -1.548434E-10   1.372407E-11   9.926213E-11
1.100000E+00  -2.952206E-12  -3.890605E-11  -4.303159E-12  -8.092357E-11   2.748186E-12  -2.324756E-10
1.150000E+00  -4.414585E-12  -5.305269E-11  -8.259208E-12   1.185876E-11  -9.523490E-12  -1.335032E-10
1.200000E+00  -8.257475E-12   1.210390E-12  -3.117282E-12  -1.737687E-10  -1.060213E-11   1.411152E-10
1.250000E+00  -4.293546E-12   5.394939E-11  -2.563608E-11   1.419177E-10   4.588031E-12   1.549218E-10
1.300000E+00  -2.862535E-12  -2.292094E-11   1.107449E-11   4.747256E-10   4.890049E-12   9.689105E-11
1.350000E+00  -6.585640E-12   4.486633E-11   2.183649E-11  -3.047719E-10   1.427714E-11   3.127948E-10
1.400000E+00   1.624098E-12  -9.985376E-12  -1.940270E-11  -1.650615E-10   3.616954E-11   2.491886E-10
1.450000E+00  -7.584177E-12  -4.300816E-12   5.330339E-12   8.681721E-10   3.919600E-11   3.780328E-10
1.500000E+00   1.194016E-12  -2.299817E-10   6.741451E-11   2.092389E-08   7.397281E-11   1.005102E-08
1.550000E+00  -3.058235E-11  -4.160498E-09   2.097719E-09   4.047145E-07   1.044298E-09   1.972765E-07
1.600000E+00  -4.148558E-10  -2.607019E-08   4.053886E-08   4.866222E-06   1.980163E-08   2.405050E-06
1.650000E+00  -2.637601E-09  -4.783811E-08   4.887199E-07   3.638786E-05   2.415493E-07   1.841158E-05
1.700000E+00  -5.198667E-09   2.993423E-07   3.679325E-06   1.681278E-04   1.860960E-06   8.925138E-05
1.750000E+00   2.729663E-08   1.360880E-06   1.730150E-05   4.835124E-04   9.166687E-06   2.811047E-04
1.800000E+00   1.308893E-07   3.319857E-07   5.203057E-05   9.282495E-04   2.997143E-05   6.218114E-04
1.850000E+00   6.049520E-08  -2.989303E-06   1.101264E-04   1.474453E-03   7.134783E-05   1.127350E-03
1.900000E+00  -1.680410E-07   5.129982E-06   1.994759E-04   2.420411E-03   1.427064E-04   1.942776E-03
1.950000E+00   5.734934E-07   1.423720E-05   3.521675E-04   4.065566E-03   2.656254E-04   3.345126E-03
2.000000E+00   1.255679E-06  -7.729057E-08   6.060325E-04   7.164427E-03   4.772190E-04   5.906967E-03
2.050000E+00   5.657644E-07   1.257840E-06   1.068610E-03   1.324109E-02   8.563221E-04   1.066296E-02
2.100000E+00   1.381463E-06   3.884696E-05   1.930142E-03   2.375133E-02   1.543515E-03   1.906880E-02
2.150000E+00   4.450461E-06   8.891788E-05   3.443743E-03   3.906997E-02   2.763202E-03   3.245932E-02
2.200000E+00   1.027325E-05   1.043148E-04   5.837138E-03   5.095190E-02   4.789447E-03   4.830059E-02
2.250000E+00   1.488194E-05  -2.975603E-06   8.538933E-03   4.525161E-02   7.593261E-03   5.902474E-02
2.300000E+00   9.975692E-06  -1.660420E-05   1.036230E-02   3.130616E-02   1.069192E-02   6.341121E-02
2.350000E+00   1.322152E-05   3.510094E-04   1.166955E-02   3.006853E-02   1.393438E-02   6.963174E-02
2.400000E+00   4.507663E-05   2.586654E-04   1.336915E-02   2.677741E-02   1.765510E-02   7.778870E-02
2.450000E+00   3.908807E-05  -3.454695E-04   1.434729E-02   1.679119E-02   2.171325E-02   8.339617E-02
2.500000E+00   1.052968E-05  -1.227168E-04   1.504827E-02   1.997345E-02   2.599471E-02   8.921288E-02
2.550000E+00   2.681638E-05   1.821509E-04   1.634463E-02   2.238194E-02   3.063454E-02   9.697696E-02
2.600000E+00   2.874477E-05  -9.769870E-05   1.728646E-02   1.679013E-02   3.569241E-02   1.053427E-01
2.650000E+00   1.704651E-05   3.596850E-04   1.802365E-02   1.791922E-02   4.116881E-02   1.127249E-01
2.700000E+00   6.471327E-05   6.936032E-04   1.907839E-02   2.266586E-02   4.696490E-02   1.204006E-01
2.750000E+00   8.640684E-05  -2.896981E-05   2.029023E-02   2.391933E-02   5.320887E-02   1.311079E-01
2.800000E+00   6.181629E-05  -4.089315E-04   2.147032E-02   2.615495E-02   6.007569E-02   1.433248E-01
2.850000E+00   4.551368E-05   2.216716E-04   2.290573E-02   2.925746E-02   6.754135E-02   1.537455E-01
2.900000E+00   8.398345E-05   7.872319E-04   2.439607E-02   3.188089E-02   7.545024E-02   1.660394E-01
2.950000E+00   1.242369E-04  -2.517011E-04   2.609382E-02   3.807217E-02   8.414529E-02   1.805513E-01
3.000000E+00   5.881334E-05   2.758694E-04   2.820328E-02   4.624104E-02   9.350537E-02   1.939709E-01
3.050000E+00   1.518238E-04   1.139172E-03   3.071792E-02   4.916038E-02   1.035424E-01   2.062164E-01
3.100000E+00   1.727305E-04  -2.446133E-05   3.311932E-02   5.511414E-02   1.141270E-01   2.182157E-01
3.150000E+00   1.493777E-04   8.812113E-04   3.622933E-02   7.099736E-02   1.253640E-01   2.324425E-01
3.200000E+00   2.608517E-04   1.157975E-03   4.021906E-02   8.255702E-02   1.373713E-01   2.421530E-01
3.250000E+00   2.651752E-04   5.723938E-04   4.448504E-02   9.707328E-02   1.495793E-01   2.292138E-01
3.300000E+00   3.180910E-04  -4.218727E-04   4.992639E-02   1.362545E-01   1.602926E-01   1.669213E-01
3.350000E+00   2.229879E-04  -3.431036E-03   5.811049E-02   2.085143E-01   1.662714E-01   3.786743E-02
3.400000E+00  -2.501260E-05  -3.211526E-03   7.077782E-02   3.036567E-01   1.640794E-01  -1.297627E-01
3.450000E+00  -9.816467E-05   1.334388E-03   8.847616E-02   3.800058E-01   1.532951E-01  -2.475324E-01
3.500000E+00   1.084262E-04   4.526217E-03   1.087784E-01   3.883915E-01   1.393261E-01  -2.389748E-01
3.550000E+00   3.544571E-04   1.990190E-03   1.273153E-01   3.521279E-01   1.293976E-01  -1.411107E-01
3.600000E+00   3.074451E-04  -5.410958E-04   1.439912E-01   3.362055E-01   1.252151E-01  -5.668603E-02
3.650000E+00   3.003475E-04   7.513756E-04   1.609359E-01   3.480133E-01   1.237290E-01  -1.612149E-02
3.700000E+00   3.825827E-04   1.097959E-03   1.787925E-01   3.594300E-01   1.236029E-01   9.382889E-03
3.750000E+00   4.101434E-04  -1.423855E-03   1.968789E-01   3.713220E-01   1.246673E-01   1.775198E-02
3.800000E+00   2.401971E-04  -2.644192E-03   2.159247E-01   3.989308E-01   1.253781E-01   4.046708E-03
3.850000E+00   1.457241E-04   4.364300E-04   2.367719E-01   4.255362E-01   1.250720E-01  -1.083858E-02
3.900000E+00   2.838401E-04   3.868335E-03   2.584783E-01   4.392824E-01   1.242943E-01  -2.739802E-02
3.950000E+00   5.325577E-04   2.801474E-03   2.807002E-01   4.623970E-01   1.223322E-01  -5.808383E-02
4.000000E+00   5.639875E-04   1.039275E-03   3.047180E-01   5.000198E-01   1.184859E-01  -8.837447E-02
4.050000E+00   6.364852E-04   1.470497E-03   3.307022E-01   5.360615E-01   1.134947E-01  -1.089340E-01
4.100000E+00   7.110372E-04  -2.311583E-04   3.583242E-01   5.626631E-01   1.075925E-01  -1.347463E-01
4.150000E+00   6.133693E-04  -2.336911E-03   3.869685E-01   5.633852E-01   1.000201E-01  -1.661705E-01
4.200000E+00   4.773461E-04  -2.252283E-03   4.146627E-01   5.517802E-01   9.097542E-02  -2.030134E-01
4.250000E+00   3.881411E-04   9.120820E-05   4.421465E-01   5.685309E-01   7.971877E-02  -2.518632E-01
4.300000E+00   4.864669E-04   7.290009E-04   4.715158E-01   5.955088E-01   6.578910E-02  -2.859569E-01
4.350000E+00   4.610412E-04  -1.289057E-03   5.016974E-01   5.921891E-01   5.112308E-02  -2.998885E-01
4.400000E+00   3.575612E-04  -1.482069E-03   5.307347E-01   5.765915E-01   3.580026E-02  -2.933455E-01
4.450000E+00   3.128343E-04   7.858651E-04   5.593565E-01   5.610353E-01   2.178854E-02  -2.542219E-01
4.500000E+00   4.361478E-04  -8.859258E-04   5.868382E-01   5.465376E-01   1.037806E-02  -2.081976E-01
4.550000E+00   2.242417E-04  -4.445676E-03   6.140103E-01   5.472964E-01   9.687802E-04  -1.730295E-01
4.600000E+00  -8.419855E-06  -2.074352E-04   6.415679E-01   5.351311E-01  -6.924890E-03  -1.375914E-01
4.650000E+00   2.034982E-04   1.888454E-03   6.675234E-01   5.126166E-01  -1.279036E-02  -8.877929E-02
4.700000E+00   1.804256E-04   5.677115E-04   6.928295E-01   5.054140E-01  -1.580282E-02  -4.793315E-02
4.750000E+00   2.602694E-04  -1.613026E-03   7.180648E-01   4.928929E-01  -1.758368E-02  -1.539404E-02
4.800000E+00   1.912302E-05   1.576616E-04   7.421188E-01   4.743659E-01  -1.734222E-02   2.550332E-02
4.850000E+00   2.760355E-04   9.618526E-04   7.655014E-01   4.693162E-01  -1.503335E-02   6.068001E-02
4.900000E+00   1.153083E-04  -2.547797E-03   7.890505E-01   4.775566E-01  -1.127422E-02   7.897419E-02
4.950000E+00   2.125584E-05  -8.028413E-04   8.132570E-01   4.889435E-01  -7.135925E-03   7.595023E-02
5.000000E+00   3.502416E-05   1.656212E-03   8.379448E-01   5.012643E-01  -3.679199E-03   5.927930E-02
5.050000E+00   1.868771E-04   4.102069E-04   8.633835E-01   5.235606E-01  -1.207995E-03   4.313728E-02
5.100000E+00   7.604485E-05  -8.634004E-04   8.903009E-01   5.561149E-01   6.345285E-04   2.975877E-02
5.150000E+00   1.005371E-04   2.179696E-03   9.189950E-01   5.835432E-01   1.767882E-03   1.985350E-02
5.200000E+00   2.940145E-04   2.737260E-03   9.486552E-01   5.901057E-01   2.619878E-03   2.236362E-02
5.250000E+00   3.742631E-04   6.036295E-04   9.780055E-01   5.770665E-01   4.004244E-03   2.791462E-02
5.300000E+00   3.543774E-04   7.578201E-05   1.006362E+00   5.661595E-01   5.411340E-03   3.354568E-02
5.350000E+00   3.818413E-04   9.139182E-04   1.034621E+00   5.564153E-01   7.358811E-03   3.591385E-02
5.400000E+00   4.457692E-04  -1.041247E-03   1.062003E+00   5.340528E-01   9.002726E-03   3.150661E-02
5.450000E+00   2.777166E-04  -1.295332E-03   1.088027E+00   4.972565E-01   1.050947E-02   4.059135E-02
5.500000E+00   3.162360E-04   2.049677E-03   1.111729E+00   4.484820E-01   1.306186E-02   5.820548E-02
5.550000E+00   4.826842E-04   1.460359E-03   1.132875E+00   4.041874E-01   1.633002E-02   7.261155E-02
5.600000E+00   4.622719E-04  -2.769669E-03   1.152148E+00   3.752291E-01   2.032302E-02   8.285688E-02
5.650000E+00   2.057173E-04  -3.214481E-03   1.170398E+00   3.410673E-01   2.461571E-02   8.352471E-02
5.700000E+00   1.408238E-04   1.557999E-03   1.186255E+00   3.075278E-01   2.867549E-02   7.899713E-02
5.750000E+00   3.615172E-04   4.705411E-04   1.201151E+00   2.971435E-01   3.251542E-02   7.776262E-02
5.800000E+00   1.878779E-04  -4.121329E-03   1.215969E+00   2.865541E-01   3.645175E-02   7.500224E-02
5.850000E+00  -5.061577E-05  -2.188000E-03   1.229806E+00   2.748990E-01   4.001565E-02   7.546950E-02
5.900000E+00  -3.092210E-05   4.472587E-03   1.243459E+00   2.744460E-01   4.399870E-02   7.899690E-02
5.950000E+00   3.966429E-04   2.175894E-03   1.257251E+00   2.710569E-01   4.791534E-02   6.375819E-02
6.000000E+00   1.866673E-04  -3.669225E-03   1.270564E+00   2.654254E-01   5.037452E-02   4.961297E-02
6.050000E+00   2.972042E-05  -1.260216E-03   1.283793E+00   2.602220E-01   5.287663E-02   5.069990E-02
6.100000E+00   6.064576E-05  -3.553781E-04   1.296587E+00   2.472341E-01   5.544451E-02   4.872132E-02
6.150000E+00  -5.817395E-06   1.687811E-05   1.308517E+00   2.434325E-01   5.774876E-02   4.689354E-02
6.200000E+00   6.233357E-05   1.361554E-03   1.320930E+00   2.459919E-01   6.013386E-02   4.540663E-02
6.250000E+00   1.303381E-04   4.353706E-04   1.333116E+00   2.421224E-01   6.228943E-02   3.744591E-02
6.300000E+00   1.058706E-04   1.408272E-03   1.345142E+00   2.401936E-01   6.387845E-02   2.481904E-02
6.350000E+00   2.711652E-04  -1.656104E-04   1.357135E+00   2.457118E-01   6.477133E-02   1.546495E-02
6.400001E+00   8.930959E-05   1.674099E-03   1.369713E+00   2.502739E-01   6.542495E-02   2.041340E-02
6.450000E+00   4.385752E-04   4.982085E-03   1.382163E+00   2.459443E-01   6.681267E-02   4.099205E-02
6.500000E+00   5.875180E-04  -5.348658E-04   1.394308E+00   2.333426E-01   6.952415E-02   5.099706E-02
6.550000E+00   3.850886E-04  -2.308084E-03   1.405497E+00   2.130735E-01   7.191238E-02   3.947780E-02
6.600000E+00   3.567097E-04  -5.776570E-03   1.415615E+00   1.991057E-01   7.347193E-02   2.882414E-02
6.650001E+00  -1.925684E-04  -3.755372E-03   1.425407E+00   1.905298E-01   7.479479E-02   3.005855E-02
6.700000E+00  -1.882754E-05   8.229976E-03   1.434668E+00   1.840591E-01   7.647779E-02   4.019395E-02
6.750000E+00   6.304291E-04   3.079365E-03   1.443813E+00   1.816320E-01   7.881419E-02   4.138418E-02
6.800000E+00   2.891090E-04  -4.473867E-03   1.452831E+00   1.835036E-01   8.061621E-02   3.119357E-02
6.850000E+00   1.830424E-04  -1.715583E-03   1.462164E+00   1.809430E-01   8.193354E-02   2.928331E-02
6.900001E+00   1.175507E-04  -3.040060E-03   1.470926E+00   1.599753E-01   8.354454E-02   2.807535E-02
6.950000E+00  -1.209636E-04   4.159619E-04   1.478161E+00   1.514280E-01   8.474108E-02   2.297819E-02
7.000000E+00   1.591469E-04   1.005424E-03   1.486068E+00   1.704538E-01   8.584236E-02   2.601579E-02
7.050000E+00  -2.042118E-05  -6.822477E-04   1.495207E+00   1.787114E-01   8.734266E-02   3.242843E-02
7.100000E+00   9.092215E-05   3.410690E-03   1.503940E+00   1.694739E-01   8.908520E-02   3.384396E-02
7.150001E+00   3.206478E-04  -2.774009E-03   1.512154E+00   1.644754E-01   9.072705E-02   2.542190E-02
7.200000E+00  -1.864788E-04  -3.862870E-03   1.520387E+00   1.584709E-01   9.162739E-02   1.977630E-02
7.250000E+00  -6.563919E-05   6.945539E-03   1.528001E+00   1.560092E-01   9.270468E-02   2.283007E-02
7.300000E+00   5.080751E-04   4.665446E-03   1.535988E+00   1.646149E-01   9.391040E-02   2.506502E-02
7.350000E+00   4.009054E-04  -1.316653E-03   1.544463E+00   1.643705E-01   9.521119E-02   2.770036E-02
7.400001E+00   3.764098E-04   6.624119E-04   1.552425E+00   1.537740E-01   9.668043E-02   2.448812E-02
7.450000E+00   4.671466E-04  -2.226828E-03   1.559840E+00   1.467526E-01   9.766000E-02   1.671486E-02
7.500000E+00   1.537270E-04  -4.193958E-03   1.567100E+00   1.403379E-01   9.835192E-02   1.183204E-02
7.550000E+00   4.775077E-05  -6.936701E-04   1.573874E+00   1.325750E-01   9.884320E-02   8.387715E-03
7.600000E+00   8.436001E-05  -2.736115E-03   1.580358E+00   1.412666E-01   9.919069E-02   9.929389E-03
7.650001E+00  -2.258608E-04  -1.668915E-03   1.588000E+00   1.618063E-01   9.983614E-02   2.566174E-02
7.700000E+00  -8.253145E-05   1.266016E-03   1.596538E+00   1.561201E-01   1.017569E-01   2.977185E-02
7.750000E+00  -9.925912E-05   9.315919E-04   1.603612E+00   1.370478E-01   1.028133E-01   1.438975E-02
7.800000E+00   1.062774E-05  -8.623225E-05   1.610243E+00   1.303065E-01   1.031958E-01   1.114033E-02
7.850000E+00  -1.078823E-04  -8.315302E-04   1.616643E+00   1.292384E-01   1.039274E-01   1.293577E-02
7.900001E+00  -7.252528E-05   2.731565E-03   1.623167E+00   1.346254E-01   1.044894E-01   5.482361E-03
7.950000E+00   1.652741E-04   2.672622E-03   1.630106E+00   1.306570E-01   1.044756E-01   8.011535E-03
8.000000E+00   1.947369E-04  -5.632930E-05   1.636233E+00   1.246023E-01   1.052906E-01   1.317613E-02
8.050000E+00   1.596412E-04   1.150233E-03   1.642566E+00   1.237249E-01   1.057932E-01   1.091763E-02
8.100000E+00   3.097602E-04   1.148510E-05   1.648605E+00   1.188815E-01   1.063823E-01   6.910190E-03
8.150001E+00   1.607897E-04  -3.901220E-03   1.654454E+00   1.218259E-01   1.064842E-01  -5.075410E-03
8.200001E+00  -8.036181E-05  -2.338471E-04   1.660788E+00   1.216424E-01   1.058748E-01  -2.589896E-03
8.250000E+00   1.374050E-04   2.790425E-04   1.666618E+00   1.208508E-01   1.062252E-01   1.164190E-02
8.300000E+00  -5.245756E-05  -1.105331E-03   1.672873E+00   1.241994E-01   1.070390E-01   1.004003E-02
8.350000E+00   2.687192E-05   1.501678E-03   1.679038E+00   1.204705E-01   1.072292E-01  -1.271665E-03
8.400001E+00   9.771025E-05   2.164377E-04   1.684920E+00   1.147640E-01   1.069118E-01  -8.428246E-03
8.450001E+00   4.851569E-05  -2.046657E-03   1.690515E+00   9.996057E-02   1.063864E-01  -3.791526E-03
8.500000E+00  -1.069555E-04  -2.960967E-03   1.694916E+00   8.356690E-02   1.065327E-01   2.961010E-03
8.550000E+00  -2.475810E-04   2.382503E-03   1.698871E+00   9.521842E-02   1.066825E-01  -2.933294E-03
8.600000E+00   1.312948E-04   3.437650E-03   1.704438E+00   1.161063E-01   1.062393E-01  -1.181759E-02
8.650001E+00   9.618400E-05  -3.146082E-03   1.710482E+00   1.112282E-01   1.055008E-01  -7.968470E-03
8.700001E+00  -1.833134E-04  -2.638353E-03   1.715561E+00   9.845734E-02   1.054425E-01  -1.809299E-03
8.750000E+00  -1.676513E-04  -1.253759E-03   1.720328E+00   1.036036E-01   1.053198E-01   2.464280E-03
8.800000E+00  -3.086893E-04   2.783271E-03   1.725921E+00   1.127172E-01   1.056889E-01  -2.979934E-03
8.850000E+00   1.106757E-04   6.103616E-03   1.731599E+00   1.046443E-01   1.050218E-01  -9.987801E-03
8.900001E+00   3.016723E-04  -3.779060E-03   1.736385E+00   9.192705E-02   1.046901E-01  -5.325079E-03
8.950001E+00  -2.672302E-04  -7.299551E-03   1.740792E+00   8.894086E-02   1.044893E-01  -2.405047E-04
9.000000E+00  -4.282829E-04   1.657574E-03   1.745280E+00   9.664893E-02   1.046661E-01   7.727742E-04
9.050000E+00  -1.014728E-04   8.521425E-03   1.750457E+00   9.922266E-02   1.045666E-01  -6.482974E-03
9.100000E+00   4.238596E-04   3.935328E-03   1.755202E+00   8.721590E-02   1.040178E-01  -1.276344E-02
9.150001E+00   2.920599E-04  -6.499924E-03   1.759179E+00   7.615447E-02   1.032903E-01  -1.496248E-02
9.200001E+00  -2.261328E-04  -2.157231E-04   1.762817E+00   8.246779E-02   1.025215E-01  -1.222283E-02
9.250001E+00   2.704876E-04   2.598388E-03   1.767425E+00   9.164095E-02   1.020680E-01  -4.331991E-03
9.300000E+00   3.370598E-05  -6.026545E-03   1.771981E+00   9.572029E-02   1.020883E-01  -2.251118E-03
9.350000E+00  -3.321669E-04  -2.531692E-04   1.776997E+00   9.276152E-02   1.018429E-01  -1.123652E-02
9.400001E+00   8.389052E-06   4.048078E-03   1.781258E+00   7.883549E-02   1.009647E-01  -1.620874E-02
9.450001E+00   7.264095E-05  -1.733285E-03   1.784881E+00   8.148670E-02   1.002220E-01  -9.824559E-03
9.500001E+00  -1.649394E-04   1.582200E-03   1.789406E+00   8.978128E-02   9.998223E-02   2.579391E-03
9.550000E+00   2.308609E-04   2.437469E-03   1.793859E+00   8.580685E-02   1.004799E-01   5.195439E-03
9.600000E+00   7.880747E-05  -1.933551E-03   1.797987E+00   7.710099E-02   1.005018E-01  -2.425238E-03
9.650001E+00   3.750584E-05  -2.315381E-03   1.801569E+00   6.720543E-02   1.002374E-01  -1.693279E-02
9.700001E+00  -1.527306E-04  -2.180926E-03   1.804707E+00   6.465316E-02   9.880850E-02  -2.470605E-02
9.750001E+00  -1.805867E-04  -2.053710E-04   1.808034E+00   7.011771E-02   9.776680E-02  -1.207240E-02
9.800000E+00  -1.732677E-04   1.392371E-03   1.811719E+00   8.498311E-02   9.760126E-02  -2.415329E-03
9.850000E+00  -4.134961E-05  -3.462241E-04   1.816533E+00   8.973002E-02   9.752527E-02   2.956241E-03
9.900001E+00  -2.078901E-04  -2.460764E-03   1.820692E+00   7.995009E-02   9.789688E-02   2.655387E-04
9.950001E+00  -2.874260E-04  -4.222899E-04   1.824528E+00   6.173491E-02   9.755182E-02  -1.375712E-02
1.000000E+01  -2.501191E-04   2.377240E-03   1.826866E+00   5.694628E-02   9.652117E-02  -1.447812E-02
1.005000E+01  -4.970203E-05   2.691820E-03   1.830222E+00   6.893396E-02   9.610401E-02  -2.154559E-03
1.010000E+01   1.906289E-05   1.942529E-03   1.833759E+00   6.588817E-02   9.630571E-02  -3.360957E-04
1.015000E+01   1.445509E-04   2.171965E-03   1.836811E+00   6.961942E-02   9.607040E-02  -1.350641E-03
1.020000E+01   2.362594E-04  -2.167433E-03   1.840721E+00   6.772280E-02   9.617065E-02  -5.713925E-03
1.025000E+01  -7.219241E-05  -1.389566E-03   1.843583E+00   4.560113E-02   9.549901E-02  -1.827292E-02
1.030000E+01   9.730274E-05   1.625871E-03   1.845281E+00   3.997684E-02   9.434336E-02  -1.625448E-02
1.035000E+01   9.039471E-05   1.434704E-03   1.847581E+00   5.644917E-02   9.387356E-02  -9.164810E-03
1.040000E+01   2.407731E-04   2.102885E-03   1.850926E+00   6.648064E-02   9.342688E-02  -4.726350E-03
1.045000E+01   3.006833E-04  -2.560887E-03   1.854229E+00   6.559968E-02   9.340093E-02  -8.590519E-04
1.050000E+01  -1.531556E-05  -5.182679E-03   1.857486E+00   5.781531E-02   9.334097E-02  -7.667467E-03
1.055000E+01  -2.175847E-04   8.964383E-04   1.860011E+00   5.396485E-02   9.263418E-02  -1.615532E-02
1.060000E+01   7.432827E-05   2.542404E-03   1.862882E+00   5.866051E-02   9.172544E-02  -1.951247E-02
1.065000E+01   3.665571E-05  -3.934269E-03   1.865877E+00   5.711079E-02   9.068293E-02  -1.387693E-02
1.070000E+01  -3.190987E-04  -2.918858E-03   1.868594E+00   5.612493E-02   9.033775E-02   5.781651E-05
1.075000E+01  -2.552301E-04   2.691376E-03   1.871489E+00   5.215406E-02   9.068871E-02  -4.780143E-03
1.080000E+01  -4.996106E-05   1.489155E-03   1.873809E+00   4.557729E-02   8.985973E-02  -2.132632E-02
1.085000E+01  -1.063146E-04  -3.433877E-04   1.876047E+00   5.556941E-02   8.855608E-02  -2.597600E-02
1.090000E+01  -8.429983E-05  -5.079344E-04   1.879366E+00   6.001353E-02   8.726213E-02  -2.677821E-02
1.095000E+01  -1.571081E-04   1.985667E-03   1.882048E+00   5.598426E-02   8.587826E-02  -2.989702E-02
1.100000E+01   1.142669E-04   5.482414E-03   1.884964E+00   5.083442E-02   8.427243E-02  -2.642602E-02
1.105000E+01   3.911334E-04   1.260227E-04   1.887132E+00   2.670646E-02   8.323566E-02  -1.768634E-02
1.110000E+01   1.268691E-04  -7.115601E-03   1.887635E+00   2.683997E-02   8.250380E-02  -1.944967E-02
1.115000E+01  -3.204267E-04  -1.876022E-03   1.889816E+00   4.275918E-02   8.129069E-02  -3.144808E-02
1.120000E+01  -6.073311E-05   3.116477E-03   1.891911E+00   4.131317E-02   7.935899E-02  -3.782839E-02
1.125000E+01  -8.779003E-06   3.414629E-03   1.893947E+00   4.664540E-02   7.750785E-02  -3.501952E-02
1.130000E+01   2.807298E-04   1.711348E-04   1.896575E+00   5.384207E-02   7.585704E-02  -3.878251E-02
1.135000E+01   8.334473E-06  -3.612734E-03   1.899331E+00   5.051732E-02   7.362960E-02  -3.699020E-02
1.140000E+01  -8.054361E-05  -6.002222E-03   1.901627E+00   5.854607E-02   7.215802E-02  -3.117293E-02
1.145000E+01  -5.918877E-04   1.918797E-03   1.905186E+00   6.349564E-02   7.051231E-02  -3.768586E-02
1.150000E+01   1.113361E-04   9.893479E-03   1.907977E+00   6.453991E-02   6.838943E-02  -4.432306E-02
1.155000E+01   3.974602E-04   1.879787E-03   1.911640E+00   6.985903E-02   6.608000E-02  -4.301697E-02
1.160000E+01   2.993149E-04  -5.824829E-03   1.914963E+00   6.350636E-02   6.408773E-02  -4.470982E-02
1.165000E+01  -1.850227E-04  -5.088774E-03   1.917991E+00   6.088853E-02   6.160902E-02  -4.864912E-02
1.170000E+01  -2.095625E-04   4.567917E-03   1.921052E+00   6.207228E-02   5.922282E-02  -4.326940E-02
1.175000E+01   2.717690E-04  -1.031993E-05   1.924198E+00   6.157160E-02   5.728208E-02  -3.708344E-02
1.180000E+01  -2.105945E-04  -2.390700E-03   1.927209E+00   7.338762E-02   5.551448E-02  -4.282095E-02
1.185000E+01   3.269894E-05  -6.128773E-04   1.931537E+00   7.411122E-02   5.299999E-02  -5.022917E-02
1.190000E+01  -2.718823E-04  -2.089962E-03   1.934620E+00   6.898880E-02   5.049156E-02  -5.149230E-02
1.195000E+01  -1.762973E-04   2.560084E-03   1.938435E+00   7.108569E-02   4.785076E-02  -5.343877E-02
1.200000E+01  -1.587383E-05  -6.211381E-03   1.941728E+00   6.467581E-02   4.514768E-02  -5.371347E-02
1.205000E+01  -7.974354E-04  -1.580814E-03   1.944903E+00   6.442189E-02   4.247941E-02  -4.969250E-02
1.210000E+01  -1.739552E-04   4.582687E-03   1.948171E+00   7.358432E-02   4.017843E-02  -4.462175E-02
1.215000E+01  -3.391667E-04  -5.570016E-04   1.952261E+00   8.595824E-02   3.801724E-02  -4.684251E-02
1.220000E+01  -2.296554E-04   4.254498E-03   1.956766E+00   8.936763E-02   3.549418E-02  -4.861970E-02
1.225000E+01   8.628301E-05  -1.670845E-03   1.961198E+00   8.501768E-02   3.315527E-02  -4.946034E-02
1.230000E+01  -3.967398E-04  -1.602214E-03   1.965268E+00   9.375215E-02   3.054815E-02  -5.184062E-02
1.235000E+01  -7.393835E-05   6.208075E-03   1.970573E+00   1.173651E-01   2.797120E-02  -4.452046E-02
1.240000E+01   2.240677E-04   2.524522E-03   1.977005E+00   1.337504E-01   2.609610E-02  -3.505195E-02
1.245000E+01   1.785138E-04   2.110670E-03   1.983948E+00   1.232660E-01   2.446601E-02  -3.107917E-02
1.250000E+01   4.351348E-04   1.417059E-03   1.989331E+00   9.297967E-02   2.298819E-02  -1.789641E-02
1.255000E+01   3.202197E-04  -3.015855E-03   1.993246E+00   6.441236E-02   2.267637E-02  -9.239167E-03
1.260000E+01   1.335493E-04  -3.216329E-03   1.995772E+00   5.730510E-02   2.206427E-02  -8.144192E-03
1.265000E+01  -1.413124E-06   1.462617E-03   1.998977E+00   6.041884E-02   2.186195E-02  -1.667049E-03
1.270000E+01   2.798109E-04   1.070299E-03   2.001814E+00   2.982855E-02   2.189756E-02   5.336218E-03
1.275000E+01   1.056168E-04  -2.710499E-03   2.001960E+00  -2.401590E-02   2.239557E-02   1.073668E-02
1.280000E+01   8.761021E-06  -8.795871E-04   1.999413E+00  -6.273031E-02   2.297123E-02   3.696121E-03
1.285000E+01   1.765810E-05   3.934395E-03   1.995687E+00  -9.599924E-02   2.276518E-02   5.812421E-03
1.290000E+01   4.022005E-04   7.423622E-03   1.989813E+00  -1.264441E-01   2.355247E-02   2.468558E-02
1.295000E+01   7.600203E-04   2.784812E-03   1.983042E+00  -1.391721E-01   2.523374E-02   2.489666E-02
1.300000E+01   6.806817E-04  -9.629427E-04   1.975896E+00  -1.457655E-01   2.604214E-02   9.601489E-03
1.305000E+01   6.637260E-04   5.824173E-03   1.968466E+00  -1.544905E-01   2.619389E-02   2.295412E-03
1.310000E+01   1.263099E-03   1.036929E-02   1.960447E+00  -1.513863E-01   2.627168E-02   2.677236E-03
1.315000E+01   1.700655E-03   1.020017E-03   1.953327E+00  -1.327133E-01   2.646161E-02   5.350262E-03
1.320000E+01   1.365101E-03  -1.268868E-03   1.947175E+00  -1.196015E-01   2.680671E-02   3.533773E-03
1.325000E+01   1.573768E-03  -4.452308E-03   1.941367E+00  -9.626389E-02   2.681499E-02  -7.350761E-03
1.330000E+01   9.198699E-04  -7.577640E-03   1.937549E+00  -8.032203E-02   2.607163E-02  -7.759202E-03
1.335000E+01   8.160039E-04   5.981887E-03   1.933335E+00  -9.554863E-02   2.603907E-02  -5.318746E-03
1.340000E+01   1.518059E-03   6.589399E-03   1.927994E+00  -1.011610E-01   2.553976E-02  -4.553590E-03
1.345000E+01   1.474944E-03  -2.899150E-03   1.923219E+00  -8.305311E-02   2.558371E-02   4.798733E-04
1.350000E+01   1.228144E-03  -3.687134E-03   1.919689E+00  -7.052064E-02   2.558774E-02   5.184244E-03
1.355000E+01   1.106230E-03  -4.894373E-03   1.916167E+00  -7.469773E-02   2.610214E-02   2.072845E-03
1.360000E+01   7.387063E-04   2.263403E-03   1.912219E+00  -7.505059E-02   2.579503E-02  -5.759094E-03
1.365000E+01   1.332571E-03   5.918746E-03   1.908662E+00  -7.449150E-02   2.552623E-02  -1.445040E-04
1.370000E+01   1.330581E-03   1.882126E-03   1.904770E+00  -7.480860E-02   2.578058E-02   9.432994E-04
1.375000E+01   1.520783E-03   3.834591E-03   1.901181E+00  -8.104324E-02   2.562056E-02  -8.107722E-04
1.380000E+01   1.714040E-03   4.509877E-03   1.896665E+00  -8.428454E-02   2.569950E-02   6.071590E-03
1.385000E+01   1.971771E-03   1.486323E-03   1.892752E+00  -7.188201E-02   2.622772E-02   7.528067E-03
1.390000E+01   1.862672E-03   1.401657E-03   1.889477E+00  -6.383061E-02   2.645231E-02   8.399971E-03
1.395000E+01   2.111937E-03   3.505331E-03   1.886369E+00  -6.344914E-02   2.706771E-02   1.145199E-02
1.400000E+01   2.213205E-03  -1.075685E-03   1.883132E+00  -6.079555E-02   2.759751E-02   7.229671E-03
1.405000E+01   2.004368E-03  -3.861072E-03   1.880290E+00  -5.757928E-02   2.779068E-02   2.366155E-03
1.410000E+01   1.827098E-03   1.278901E-03   1.877374E+00  -6.014466E-02   2.783412E-02  -2.788212E-03
1.415000E+01   2.132258E-03   6.626700E-03   1.874275E+00  -5.830646E-02   2.751186E-02  -1.368579E-03
1.420000E+01   2.489768E-03  -2.568533E-03   1.871544E+00  -5.169392E-02   2.769726E-02   5.037766E-03
1.425000E+01   1.875405E-03  -5.290732E-03   1.869106E+00  -4.219294E-02   2.801564E-02  -3.342759E-03
1.430000E+01   1.960695E-03   2.797135E-03   1.867324E+00  -3.204465E-02   2.736299E-02  -9.513516E-03
1.435000E+01   2.155119E-03   3.123686E-03   1.865901E+00  -3.168583E-02   2.706428E-02  -6.741788E-03
1.440000E+01   2.273064E-03   3.021446E-03   1.864156E+00  -3.430367E-02   2.668881E-02  -1.367740E-02
1.445000E+01   2.457263E-03  -2.597538E-03   1.862471E+00  -2.912879E-02   2.569654E-02  -1.897058E-02
1.450000E+01   2.013310E-03  -5.502473E-03   1.861243E+00  -2.689004E-02   2.479175E-02  -1.568224E-02
1.455000E+01   1.907016E-03   3.953550E-03   1.859782E+00  -3.267050E-02   2.412832E-02  -1.043461E-02
1.460000E+01   2.408665E-03   2.777488E-03   1.857976E+00  -3.580809E-02   2.374829E-02  -3.490336E-03
1.465000E+01   2.184765E-03  -7.813235E-03   1.856201E+00  -2.420783E-02   2.377929E-02  -5.838592E-03
1.470000E+01   1.627341E-03  -5.660044E-03   1.855555E+00  -9.348392E-03   2.316443E-02  -1.714313E-02
1.475000E+01   1.618760E-03   4.465447E-03   1.855266E+00  -3.721714E-03   2.206497E-02  -2.073377E-02
1.480000E+01   2.073886E-03   6.414010E-03   1.855183E+00  -7.522106E-03   2.109105E-02  -1.545398E-02
1.485000E+01   2.260161E-03   2.549293E-03   1.854514E+00  -1.978874E-02   2.051958E-02  -1.032623E-02
1.490000E+01   2.328815E-03  -1.365503E-03   1.853204E+00  -2.009392E-02   2.005843E-02  -1.315825E-02
1.495000E+01   2.123611E-03  -4.345272E-03   1.852505E+00  -1.716256E-02   1.920375E-02  -1.698909E-02
1.500000E+01   1.894288E-03  -4.345272E-03   1.851488E+00  -1.716256E-02   1.835952E-02  -1.698909E-02
