# problem = TPV10
# author = BradAagaard
# date = 2008-11-09
# code = EqSim
# code_version = 0.6.6
# element_size = 100m
# time_step =   5.000000E-02
# num_timesteps =      301
# location = 1.0 km off fault, 0.0 km along strike and -0.0 km depth
# Time series in 7 columns of E14.6:
# Column #1 = time (s)
# Column #2 = horizontal fault-parallel displacement (m)
# Column #3 = horizontal fault-parallel velocity (m/s)
# Column #4 = vertical displacement (m)
# Column #5 = vertical velocity (m/s)
# Column #6 = horizontal fault-normal displacement (m)
# Column #7 = horizontal fault-normal velocity (m/s)
#
# Data fields
# t h-disp h-vel v-disp v-vel n-disp n-vel
0.000000E+00   0.000000E+00   8.197801E-18  -0.000000E+00   7.648895E-18  -0.000000E+00  -3.185646E-17
5.000000E-02   8.197800E-19  -1.521857E-14   7.648895E-19   8.806364E-15  -3.185646E-18  -8.421779E-14
1.000000E-01  -1.521857E-15   1.408434E-13   8.806365E-16   1.947832E-12  -8.421779E-15  -4.809820E-12
1.500000E-01   1.408516E-14  -7.587126E-13   1.947840E-13   1.725718E-11  -4.809852E-13  -6.446211E-12
2.000000E-01  -7.739312E-14   2.670905E-12   1.726599E-12  -2.859592E-11  -6.530428E-13  -7.999663E-12
2.500000E-01   2.811757E-13   2.190174E-12  -2.664808E-12  -9.232496E-12  -1.280951E-12  -2.550824E-11
3.000000E-01   1.416243E-13   8.630614E-12   8.033496E-13   6.871106E-11  -3.203867E-12   3.214963E-11
3.500000E-01   1.144237E-12  -3.352981E-11   4.206299E-12   1.589268E-11   1.934012E-12   6.954603E-11
4.000000E-01  -3.211357E-12  -2.383270E-11   2.392618E-12   1.770254E-11   3.750736E-12  -1.216735E-11
4.500000E-01  -1.239033E-12   1.626953E-11   5.976553E-12   1.161056E-12   7.172766E-13  -6.516623E-11
5.000000E-01  -1.584404E-12  -4.154740E-12   2.508724E-12  -2.388223E-11  -2.765887E-12  -3.139003E-11
5.500000E-01  -1.654507E-12  -3.658882E-12   3.588330E-12   1.195475E-10  -2.421726E-12  -4.425448E-11
6.000000E-01  -1.950292E-12  -2.094992E-11   1.446348E-11  -7.062703E-11  -7.191334E-12  -3.422970E-11
6.500000E-01  -3.749499E-12  -3.527563E-11  -3.474373E-12  -2.688708E-10  -5.844697E-12   1.561313E-10
7.000000E-01  -5.477855E-12  -5.300952E-11  -1.242360E-11   1.454172E-12   8.421793E-12   1.574875E-10
7.500001E-01  -9.050451E-12   2.387777E-11  -3.328956E-12  -1.412882E-11   9.904052E-12  -1.744687E-11
8.000001E-01  -3.090078E-12   5.427297E-11  -1.383648E-11  -5.891500E-11   6.677105E-12   1.594723E-11
8.500000E-01  -3.623155E-12  -5.549468E-11  -9.220456E-12   3.311851E-12   1.149878E-11  -1.142730E-10
9.000000E-01  -8.639547E-12   2.921607E-11  -1.350530E-11  -9.238828E-11  -4.750199E-12  -2.868777E-10
9.500000E-01  -7.015475E-13   5.340397E-11  -1.845928E-11   9.879196E-11  -1.718900E-11  -3.577501E-11
1.000000E+00  -3.299150E-12  -1.492369E-11  -3.626102E-12   6.777744E-11  -8.327701E-12   1.516639E-10
1.050000E+00  -2.193916E-12  -8.506222E-12  -1.168154E-11  -2.003862E-10  -2.022600E-12   2.078106E-10
1.100000E+00  -4.149772E-12  -1.043759E-11  -2.366472E-11  -1.208785E-10   1.245336E-11   1.882006E-10
1.150000E+00  -3.237676E-12   6.336007E-11  -2.376939E-11  -4.906609E-11   1.679746E-11  -5.525346E-11
1.200000E+00   2.186236E-12   6.430232E-11  -2.857133E-11   7.904877E-11   6.928009E-12  -1.488369E-11
1.250000E+00   3.192556E-12   5.073907E-11  -1.586451E-11   1.664562E-10   1.530909E-11  -1.319457E-11
1.300000E+00   7.260142E-12   1.834854E-11  -1.192571E-11   1.595028E-10   5.608552E-12  -1.831331E-10
1.350000E+00   5.027411E-12  -9.226309E-11   8.577102E-14  -4.118135E-11  -3.004222E-12   9.551385E-11
1.400000E+00  -1.966168E-12  -6.009418E-11  -1.604385E-11  -1.331280E-10   1.515994E-11   1.340382E-10
1.450000E+00  -9.820078E-13  -1.072319E-11  -1.322703E-11  -2.371671E-10   1.039960E-11   1.514592E-10
1.500000E+00  -3.038487E-12   4.370784E-12  -3.976056E-11  -1.448242E-10   3.030586E-11   3.568571E-10
1.550000E+00  -5.449293E-13   2.110834E-11  -2.770945E-11   5.338958E-09   4.608531E-11   3.000816E-09
1.600000E+00  -9.276528E-13   5.821554E-10   4.941352E-10   1.023157E-07   3.303874E-10   5.988036E-08
1.650000E+00   5.767062E-11   6.699671E-09   1.020386E-08   1.269723E-06   6.034121E-09   7.924762E-07
1.700000E+00   6.690395E-10   5.499079E-08   1.274664E-07   1.000813E-05   7.957801E-08   6.781644E-06
1.750000E+00   5.556749E-09   2.645936E-07   1.011017E-06   4.948018E-05   6.841985E-07   3.755332E-05
1.800000E+00   2.712840E-08   5.902600E-07   5.075484E-06   1.531886E-04   3.834910E-06   1.361962E-04
1.850000E+00   6.458276E-08   1.053691E-07   1.632988E-05   3.099517E-04   1.430382E-05   3.391119E-04
1.900000E+00   3.766531E-08  -1.125756E-06   3.607066E-05   4.864134E-04   3.774610E-05   6.532071E-04
1.950000E+00  -4.799286E-08   1.392655E-06   6.497122E-05   7.603909E-04   7.962453E-05   1.146037E-03
2.000000E+00   1.769308E-07   7.099104E-06   1.121098E-04   1.225832E-03   1.523498E-04   1.981370E-03
2.050000E+00   6.619176E-07   3.824645E-06   1.875545E-04   2.101756E-03   2.777615E-04   3.457908E-03
2.100000E+00   5.593953E-07  -5.994315E-06   3.222854E-04   3.973959E-03   4.981405E-04   6.229326E-03
2.150000E+00   6.248607E-08   7.631821E-06   5.849504E-04   7.288167E-03   9.006941E-04   1.124604E-02
2.200000E+00   1.322577E-06   3.573476E-05   1.051102E-03   1.208249E-02   1.622744E-03   1.962929E-02
2.250000E+00   3.635962E-06   8.904113E-06   1.793199E-03   1.591921E-02   2.863623E-03   3.119073E-02
2.300000E+00   2.212989E-06  -3.896878E-05   2.643024E-03   1.316844E-02   4.741817E-03   4.186968E-02
2.350000E+00  -2.609165E-07  -1.602961E-05   3.110043E-03   4.565149E-03   7.050591E-03   4.790476E-02
2.400000E+00   6.100274E-07   2.906238E-05   3.099538E-03  -6.518117E-04   9.532293E-03   5.332486E-02
2.450000E+00   2.645322E-06   5.349452E-05   3.044862E-03  -3.386275E-03   1.238308E-02   6.137307E-02
2.500000E+00   5.959480E-06   9.604668E-05   2.760911E-03  -9.644020E-03   1.566960E-02   6.724200E-02
2.550000E+00   1.224999E-05  -4.837669E-05   2.080460E-03  -1.343451E-02   1.910728E-02   7.160912E-02
2.600000E+00   1.121811E-06  -1.543589E-04   1.417460E-03  -1.348588E-02   2.283051E-02   7.955833E-02
2.650000E+00  -3.185897E-06   9.215868E-05   7.318721E-04  -1.587039E-02   2.706311E-02   8.831156E-02
2.700000E+00   1.033768E-05   2.281735E-04  -1.695794E-04  -2.018371E-02   3.166167E-02   9.371885E-02
2.750000E+00   1.963145E-05   8.706465E-05  -1.286499E-03  -2.236765E-02   3.643499E-02   9.947154E-02
2.800000E+00   1.904414E-05  -1.434002E-04  -2.406344E-03  -2.208486E-02   4.160882E-02   1.089924E-01
2.850000E+00   5.291433E-06  -6.124117E-05  -3.494985E-03  -2.116883E-02   4.733423E-02   1.199502E-01
2.900000E+00   1.292003E-05   2.812032E-04  -4.523227E-03  -2.090701E-02   5.360384E-02   1.288142E-01
2.950000E+00   3.341176E-05   1.412105E-04  -5.585686E-03  -2.250209E-02   6.021565E-02   1.350145E-01
3.000000E+00   2.704108E-05  -6.827504E-05  -6.773436E-03  -2.308280E-02   6.710529E-02   1.440360E-01
3.050000E+00   2.658425E-05   1.548496E-04  -7.893966E-03  -1.863283E-02   7.461925E-02   1.578369E-01
3.100000E+00   4.252604E-05   9.419834E-05  -8.636719E-03  -1.297817E-02   8.288899E-02   1.692080E-01
3.150000E+00   3.600409E-05  -4.872019E-05  -9.191783E-03  -8.838449E-03   9.154005E-02   1.769373E-01
3.200000E+00   3.765402E-05   2.817014E-04  -9.520564E-03  -1.870668E-03   1.005827E-01   1.877450E-01
3.250000E+00   6.417422E-05   4.120164E-04  -9.378850E-03   7.240204E-03   1.103145E-01   1.997566E-01
3.300000E+00   7.885566E-05   4.795438E-04  -8.796544E-03   1.738772E-02   1.205584E-01   2.064275E-01
3.350000E+00   1.121286E-04   9.571547E-04  -7.640077E-03   3.152268E-02   1.309573E-01   2.004513E-01
3.400000E+00   1.745711E-04   5.631826E-04  -5.644276E-03   5.755246E-02   1.406035E-01   1.676184E-01
3.450000E+00   1.684469E-04  -5.453402E-04  -1.884831E-03   1.119638E-01   1.477191E-01   8.842640E-02
3.500000E+00   1.200371E-04  -2.045770E-03   5.552105E-03   1.957174E-01   1.494461E-01  -3.675438E-02
3.550000E+00  -3.613012E-05  -2.220934E-03   1.768691E-02   2.695123E-01   1.440437E-01  -1.636519E-01
3.600000E+00  -1.020563E-04   7.344312E-04   3.250334E-02   2.893845E-01   1.330810E-01  -2.174832E-01
3.650000E+00   3.731300E-05   2.678239E-03   4.662535E-02   2.622582E-01   1.222954E-01  -1.679495E-01
3.700000E+00   1.657676E-04   5.511183E-04   5.872916E-02   2.314706E-01   1.162860E-01  -8.415207E-02
3.750000E+00   9.242483E-05  -3.282875E-04   6.977241E-02   2.109237E-01   1.138802E-01  -3.971666E-02
3.800000E+00   1.329389E-04   1.576369E-03   7.982153E-02   1.935384E-01   1.123143E-01  -9.400398E-03
3.850000E+00   2.500617E-04   5.968973E-04   8.912626E-02   1.928493E-01   1.129401E-01   3.308471E-02
3.900000E+00   1.926286E-04  -2.314677E-03   9.910646E-02   2.070259E-01   1.156228E-01   6.244041E-02
3.950000E+00   1.859400E-05  -7.991230E-04   1.098288E-01   2.240261E-01   1.191842E-01   7.134277E-02
4.000000E+00   1.127163E-04   1.509087E-03   1.215091E-01   2.585934E-01   1.227571E-01   6.104805E-02
4.050000E+00   1.695027E-04   8.629853E-04   1.356882E-01   3.195724E-01   1.252890E-01   3.628898E-02
4.100000E+00   1.990149E-04   5.042049E-04   1.534663E-01   3.899196E-01   1.263860E-01   9.417757E-03
4.150000E+00   2.199232E-04   4.462046E-04   1.746801E-01   4.652236E-01   1.262308E-01  -1.536991E-02
4.200000E+00   2.436353E-04   1.074073E-03   1.999887E-01   5.505121E-01   1.248490E-01  -3.961731E-02
4.250000E+00   3.273304E-04   6.266882E-04   2.297314E-01   6.484623E-01   1.222690E-01  -7.814355E-02
4.300000E+00   3.063041E-04  -6.257334E-04   2.648349E-01   7.474191E-01   1.170346E-01  -1.386123E-01
4.350000E+00   2.647571E-04   7.387511E-04   3.044733E-01   8.270300E-01   1.084078E-01  -1.992320E-01
4.400000E+00   3.801793E-04   5.482947E-04   3.475379E-01   8.799881E-01   9.711144E-02  -2.314476E-01
4.450000E+00   3.195866E-04   3.704324E-04   3.924721E-01   8.997940E-01   8.526304E-02  -2.356160E-01
4.500000E+00   4.172225E-04   1.021731E-03   4.375173E-01   8.938515E-01   7.354984E-02  -2.225895E-01
4.550000E+00   4.217597E-04  -1.436235E-03   4.818572E-01   8.741945E-01   6.300409E-02  -1.956554E-01
4.600000E+00   2.735990E-04  -4.455524E-03   5.249367E-01   8.529104E-01   5.398430E-02  -1.626164E-01
4.650000E+00  -2.379265E-05  -4.291335E-03   5.671483E-01   8.352573E-01   4.674245E-02  -1.264376E-01
4.700000E+00  -1.555345E-04  -1.643572E-03   6.084625E-01   8.085898E-01   4.134053E-02  -8.922274E-02
4.750000E+00  -1.881498E-04   1.748064E-03   6.480073E-01   7.767472E-01   3.782017E-02  -4.202598E-02
4.800000E+00   1.927187E-05   1.521119E-03   6.861372E-01   7.544112E-01   3.713794E-02   1.752293E-02
4.850000E+00  -3.603795E-05   5.643821E-05   7.234484E-01   7.394028E-01   3.957246E-02   6.501359E-02
4.900000E+00   2.491569E-05   1.675582E-03   7.600775E-01   7.276219E-01   4.363929E-02   8.887936E-02
4.950000E+00   1.315203E-04   5.440755E-04   7.962105E-01   7.170686E-01   4.846040E-02   9.967192E-02
5.000000E+00   7.932325E-05  -8.247335E-04   8.317844E-01   6.938374E-01   5.360649E-02   1.030815E-01
5.050000E+00   4.904695E-05   2.003051E-04   8.655943E-01   6.624883E-01   5.876855E-02   1.003999E-01
5.100000E+00   9.935375E-05  -1.799135E-04   8.980331E-01   6.395721E-01   6.364647E-02   9.611817E-02
5.150000E+00   3.105559E-05  -6.029900E-04   9.295515E-01   6.135246E-01   6.838036E-02   8.882027E-02
5.200000E+00   3.905475E-05   2.963404E-03   9.593856E-01   5.740795E-01   7.252850E-02   8.336753E-02
5.250000E+00   3.273960E-04   1.508667E-03   9.869595E-01   5.359089E-01   7.671712E-02   7.805813E-02
5.300000E+00   1.899214E-04  -1.679226E-03   1.012977E+00   5.010837E-01   8.033431E-02   6.428521E-02
5.350000E+00   1.594734E-04  -2.781898E-04   1.037068E+00   4.667753E-01   8.314563E-02   5.475480E-02
5.400000E+00   1.621024E-04  -7.031391E-04   1.059654E+00   4.375523E-01   8.580980E-02   5.301706E-02
5.450000E+00   8.915950E-05  -1.601458E-03   1.080823E+00   4.142767E-01   8.844735E-02   4.560608E-02
5.500000E+00   1.956578E-06  -3.325806E-04   1.101082E+00   3.993922E-01   9.037040E-02   3.244683E-02
5.550000E+00   5.590143E-05  -3.784745E-04   1.120762E+00   3.891855E-01   9.169203E-02   2.342891E-02
5.600000E+00  -3.589087E-05   6.703452E-04   1.140000E+00   3.748327E-01   9.271330E-02   1.802359E-02
5.650000E+00   1.229359E-04   2.305675E-03   1.158246E+00   3.450227E-01   9.349439E-02   2.256680E-02
5.700000E+00   1.946766E-04  -3.169271E-03   1.174503E+00   3.119934E-01   9.496997E-02   4.078131E-02
5.750000E+00  -1.939912E-04  -1.906542E-03   1.189445E+00   2.920622E-01   9.757252E-02   5.803801E-02
5.800000E+00   4.022404E-06   2.225534E-03   1.203709E+00   2.760500E-01   1.007738E-01   6.986100E-02
5.850000E+00   2.856222E-05  -2.679342E-04   1.217050E+00   2.650213E-01   1.045586E-01   7.524017E-02
5.900000E+00  -2.277102E-05  -7.628196E-04   1.230211E+00   2.639472E-01   1.082978E-01   7.580161E-02
5.950000E+00  -4.771974E-05  -1.080962E-04   1.243445E+00   2.678150E-01   1.121388E-01   7.612240E-02
6.000000E+00  -3.358063E-05   1.956008E-03   1.256992E+00   2.739477E-01   1.159100E-01   6.541543E-02
6.050000E+00   1.478811E-04   1.493402E-03   1.270839E+00   2.734041E-01   1.186803E-01   5.085576E-02
6.100000E+00   1.157596E-04   1.061056E-03   1.284333E+00   2.677304E-01   1.209956E-01   4.289683E-02
6.150000E+00   2.539867E-04  -8.062867E-05   1.297612E+00   2.717239E-01   1.229700E-01   3.931869E-02
6.200000E+00   1.076967E-04  -1.853395E-03   1.311505E+00   2.687055E-01   1.249275E-01   3.697574E-02
6.250000E+00   6.864719E-05  -1.800513E-03   1.324483E+00   2.468389E-01   1.266676E-01   3.826052E-02
6.300000E+00  -7.235463E-05   5.068636E-04   1.336189E+00   2.266830E-01   1.287535E-01   4.365128E-02
6.350000E+00   1.193335E-04   4.490172E-03   1.347151E+00   2.124465E-01   1.310327E-01   3.728535E-02
6.400001E+00   3.766625E-04   1.119794E-03   1.357434E+00   2.094752E-01   1.324821E-01   2.677165E-02
6.450000E+00   2.313130E-04  -2.850368E-03   1.368099E+00   2.139074E-01   1.337099E-01   2.927210E-02
6.500000E+00   9.162569E-05  -9.116561E-04   1.378824E+00   2.087384E-01   1.354093E-01   3.101125E-02
6.550000E+00   1.401474E-04  -3.697074E-04   1.388973E+00   2.002060E-01   1.368110E-01   2.912901E-02
6.600000E+00   5.465496E-05  -1.732063E-03   1.398845E+00   1.940954E-01   1.383222E-01   2.741620E-02
6.650001E+00  -3.305895E-05   1.212739E-03   1.408382E+00   1.861691E-01   1.395526E-01   2.358131E-02
6.700000E+00   1.759288E-04   3.385269E-03   1.417462E+00   1.872867E-01   1.406803E-01   2.660349E-02
6.750000E+00   3.054680E-04   2.497458E-04   1.427111E+00   1.945359E-01   1.422130E-01   3.000125E-02
6.800000E+00   2.009034E-04  -3.283463E-03   1.436916E+00   1.928806E-01   1.436804E-01   3.390603E-02
6.850000E+00  -2.287838E-05  -6.821295E-04   1.446399E+00   1.848888E-01   1.456036E-01   3.309809E-02
6.900001E+00   1.326905E-04   2.996225E-03   1.455405E+00   1.777041E-01   1.469902E-01   2.020463E-02
6.950000E+00   2.767442E-04   2.518470E-03   1.464169E+00   1.728201E-01   1.476240E-01   1.650259E-02
7.000000E+00   3.845375E-04  -2.776359E-03   1.472687E+00   1.718235E-01   1.486405E-01   2.495438E-02
7.050000E+00  -8.917905E-07  -5.332920E-03   1.481352E+00   1.761693E-01   1.501195E-01   3.324136E-02
7.100000E+00  -1.487545E-04  -8.230990E-04   1.490303E+00   1.718044E-01   1.519646E-01   3.316797E-02
7.150001E+00  -8.320169E-05   1.933175E-03   1.498532E+00   1.596880E-01   1.534363E-01   2.699874E-02
7.200000E+00   4.456301E-05   4.182116E-03   1.506272E+00   1.588786E-01   1.546645E-01   2.268270E-02
7.250000E+00   3.350099E-04   1.778729E-03   1.514420E+00   1.590306E-01   1.557045E-01   2.271786E-02
7.300000E+00   2.224359E-04  -3.202086E-04   1.522175E+00   1.567733E-01   1.569363E-01   2.497397E-02
7.350000E+00   3.029890E-04   7.546348E-04   1.530097E+00   1.605004E-01   1.582019E-01   2.193324E-02
7.400001E+00   2.978994E-04  -1.152865E-03   1.538225E+00   1.607072E-01   1.591296E-01   1.956455E-02
7.450000E+00   1.877025E-04  -3.412382E-03   1.546168E+00   1.534855E-01   1.601584E-01   1.745492E-02
7.500000E+00  -4.333875E-05  -7.637512E-04   1.553574E+00   1.516593E-01   1.608751E-01   1.700066E-02
7.550000E+00   1.113274E-04   2.245482E-03   1.561334E+00   1.549244E-01   1.618585E-01   2.016522E-02
7.600000E+00   1.812095E-04   6.751695E-04   1.569066E+00   1.443708E-01   1.628916E-01   2.066821E-02
7.650001E+00   1.788443E-04  -2.213235E-03   1.575771E+00   1.337886E-01   1.639253E-01   1.744933E-02
7.700000E+00  -4.011406E-05  -3.656942E-03   1.582445E+00   1.367027E-01   1.646366E-01   1.471944E-02
7.750000E+00  -1.868499E-04   6.103534E-04   1.589441E+00   1.357991E-01   1.653972E-01   1.719475E-02
7.800000E+00   2.092128E-05   3.345801E-03   1.596025E+00   1.321900E-01   1.663560E-01   1.794614E-02
7.850000E+00   1.477303E-04  -1.154592E-03   1.602660E+00   1.355284E-01   1.671918E-01   1.838893E-02
7.900001E+00  -9.453791E-05  -2.872034E-03   1.609578E+00   1.352847E-01   1.681949E-01   1.205467E-02
7.950000E+00  -1.394731E-04   5.399489E-04   1.616189E+00   1.315075E-01   1.683973E-01   6.569475E-03
8.000000E+00  -4.054302E-05   2.574624E-04   1.622729E+00   1.286364E-01   1.688519E-01   7.414445E-03
8.050000E+00  -1.137269E-04   1.608116E-03   1.629052E+00   1.273078E-01   1.691387E-01   5.012751E-04
8.100000E+00   1.202685E-04   1.684682E-03   1.635459E+00   1.259577E-01   1.689020E-01   1.133829E-03
8.150001E+00   5.474132E-05   2.523561E-03   1.641648E+00   1.216537E-01   1.692521E-01   8.347183E-03
8.200001E+00   3.726246E-04   1.739706E-03   1.647625E+00   1.199484E-01   1.697367E-01   7.936358E-03
8.250000E+00   2.287120E-04  -4.556826E-03   1.653643E+00   1.177204E-01   1.700458E-01   5.387664E-03
8.300000E+00  -8.305807E-05  -3.894802E-03   1.659397E+00   1.159096E-01   1.702755E-01   1.809075E-03
8.350000E+00  -1.607682E-04   1.725090E-03   1.665234E+00   1.226437E-01   1.702267E-01  -2.856925E-03
8.400001E+00   8.945088E-05   2.142124E-03   1.671661E+00   1.227701E-01   1.699898E-01   1.511574E-03
8.450001E+00   5.344416E-05  -8.945735E-04   1.677511E+00   1.136452E-01   1.703778E-01   5.670711E-03
8.500000E+00  -6.469008E-09  -2.927914E-03   1.683026E+00   1.125419E-01   1.705569E-01   1.612306E-03
8.550000E+00  -2.393472E-04  -4.559257E-03   1.688765E+00   1.133490E-01   1.705391E-01  -4.016683E-03
8.600000E+00  -4.559322E-04   1.659635E-03   1.694361E+00   1.123178E-01   1.701552E-01  -8.109733E-03
8.650001E+00  -7.338377E-05   5.053759E-03   1.699997E+00   1.095051E-01   1.697281E-01  -5.396456E-03
8.700001E+00   4.944371E-05   1.111366E-03   1.705311E+00   1.056540E-01   1.696156E-01  -4.749373E-03
8.750000E+00   3.775288E-05  -4.553264E-04   1.710562E+00   1.056027E-01   1.692531E-01  -8.501559E-03
8.800000E+00   3.911067E-06  -3.531748E-04   1.715871E+00   1.021898E-01   1.687654E-01  -2.453476E-03
8.850000E+00   2.435406E-06  -1.119411E-03   1.720781E+00   9.525299E-02   1.690078E-01   3.822818E-03
8.900001E+00  -1.080301E-04  -1.578821E-04   1.725397E+00   9.328187E-02   1.691477E-01   2.646819E-03
8.950001E+00  -1.335281E-05  -1.218128E-03   1.730109E+00   1.043528E-01   1.692725E-01  -2.175570E-03
9.000000E+00  -2.298428E-04  -1.805311E-03   1.735832E+00   1.107627E-01   1.689301E-01  -1.512215E-02
9.050000E+00  -1.938839E-04   1.259030E-04   1.741186E+00   1.036203E-01   1.677603E-01  -1.729131E-02
9.100000E+00  -2.172525E-04  -1.206277E-03   1.746194E+00   9.600878E-02   1.672010E-01  -8.895770E-03
9.150001E+00  -3.145116E-04   1.216880E-03   1.750787E+00   9.191394E-02   1.668707E-01  -1.470372E-03
9.200001E+00  -9.556449E-05   4.547961E-03   1.755385E+00   9.390891E-02   1.670540E-01   2.408698E-03
9.250001E+00   1.402846E-04   2.966699E-03   1.760178E+00   1.015782E-01   1.671116E-01  -2.093688E-03
9.300000E+00   2.011054E-04  -2.909073E-04   1.765543E+00   1.019746E-01   1.668446E-01  -8.840784E-03
9.350000E+00   1.111938E-04  -2.345068E-03   1.770375E+00   9.550452E-02   1.662275E-01  -1.015052E-02
9.400001E+00  -3.340136E-05   1.536483E-03   1.775094E+00   9.308815E-02   1.658295E-01  -7.960796E-03
9.450001E+00   2.648422E-04   4.119266E-03   1.779684E+00   8.897185E-02   1.654314E-01  -7.719845E-03
9.500001E+00   3.785253E-04  -3.869631E-04   1.783991E+00   9.302914E-02   1.650576E-01  -7.438958E-03
9.550000E+00   2.261459E-04  -3.754867E-03   1.788987E+00   9.599030E-02   1.646875E-01  -1.037315E-02
9.600000E+00   3.038585E-06  -3.694360E-03   1.793590E+00   9.076774E-02   1.640202E-01  -1.243435E-02
9.650001E+00  -1.432901E-04  -2.180550E-03   1.798064E+00   8.462369E-02   1.634441E-01  -8.470714E-03
9.700001E+00  -2.150165E-04  -1.123589E-03   1.802052E+00   8.152246E-02   1.631732E-01  -2.486482E-03
9.750001E+00  -2.556490E-04  -2.079627E-03   1.806216E+00   8.274972E-02   1.631954E-01  -7.955879E-03
9.800000E+00  -4.229792E-04   1.725570E-04   1.810327E+00   8.180499E-02   1.623776E-01  -1.468331E-02
9.850000E+00  -2.383933E-04   1.541291E-03   1.814396E+00   8.268118E-02   1.617271E-01  -1.199089E-02
9.900001E+00  -2.688500E-04  -1.045675E-04   1.818595E+00   8.102655E-02   1.611785E-01  -1.043998E-02
9.950001E+00  -2.488501E-04   2.569066E-03   1.822499E+00   7.618070E-02   1.606831E-01  -7.002354E-03
1.000000E+01  -1.194344E-05   3.724777E-03   1.826213E+00   7.472694E-02   1.604783E-01  -7.680655E-03
1.005000E+01   1.236276E-04   1.728128E-03   1.829972E+00   7.994592E-02   1.599150E-01  -1.057744E-02
1.010000E+01   1.608693E-04   2.058662E-03   1.834208E+00   7.954836E-02   1.594205E-01  -6.730556E-03
1.015000E+01   3.294938E-04   7.564866E-04   1.837926E+00   7.991493E-02   1.592420E-01  -6.034300E-03
1.020000E+01   2.365180E-04  -2.079504E-03   1.842200E+00   8.475840E-02   1.588171E-01  -1.205638E-02
1.025000E+01   1.215434E-04  -8.725496E-04   1.846402E+00   7.935941E-02   1.580363E-01  -9.938329E-03
1.030000E+01   1.492630E-04   5.183313E-04   1.850135E+00   7.400334E-02   1.578232E-01  -1.016960E-02
1.035000E+01   1.733765E-04  -1.005350E-03   1.853803E+00   7.084012E-02   1.570194E-01  -1.445800E-02
1.040000E+01   4.872804E-05  -2.035663E-03   1.857219E+00   6.684363E-02   1.563774E-01  -9.124428E-03
1.045000E+01  -3.018981E-05  -4.893757E-03   1.860487E+00   6.858706E-02   1.561069E-01  -9.102970E-03
1.050000E+01  -4.406477E-04  -5.624124E-03   1.864078E+00   7.177949E-02   1.554672E-01  -1.657955E-02
1.055000E+01  -5.926022E-04   2.565403E-03   1.867665E+00   6.675720E-02   1.544490E-01  -1.864038E-02
1.060000E+01  -1.841073E-04   5.462821E-03   1.870754E+00   6.272733E-02   1.536031E-01  -1.485541E-02
1.065000E+01  -4.632010E-05   2.631568E-03   1.873938E+00   6.195724E-02   1.529634E-01  -1.266375E-02
1.070000E+01   7.904947E-05   2.322009E-03   1.876950E+00   6.210685E-02   1.523367E-01  -1.621626E-02
1.075000E+01   1.858808E-04  -6.687388E-04   1.880148E+00   7.181823E-02   1.513418E-01  -2.052158E-02
1.080000E+01   1.217559E-05  -2.512079E-03   1.884131E+00   7.461667E-02   1.502846E-01  -1.468726E-02
1.085000E+01  -6.532707E-05  -1.104204E-03   1.887610E+00   6.236553E-02   1.498731E-01  -1.088545E-02
1.090000E+01  -9.824480E-05   2.751166E-03   1.890368E+00   5.671084E-02   1.491960E-01  -1.886114E-02
1.095000E+01   2.097895E-04   2.259137E-03   1.893281E+00   5.530179E-02   1.479870E-01  -2.442226E-02
1.100000E+01   1.276689E-04  -2.297510E-03   1.895898E+00   5.267441E-02   1.467538E-01  -2.788372E-02
1.105000E+01  -1.996152E-05   1.354323E-05   1.898549E+00   5.140543E-02   1.451986E-01  -3.413640E-02
1.110000E+01   1.290233E-04  -1.263394E-04   1.901039E+00   4.979074E-02   1.433402E-01  -3.874190E-02
1.115000E+01  -3.259546E-05  -2.551002E-04   1.903528E+00   5.440354E-02   1.413244E-01  -3.482260E-02
1.120000E+01   1.035133E-04   4.041857E-04   1.906479E+00   5.983531E-02   1.398579E-01  -2.964266E-02
1.125000E+01   7.823117E-06  -1.132160E-03   1.909511E+00   6.256282E-02   1.383601E-01  -3.973685E-02
1.130000E+01  -9.702781E-06  -3.201114E-03   1.912735E+00   6.651461E-02   1.358842E-01  -4.677292E-02
1.135000E+01  -3.122883E-04  -6.708465E-04   1.916163E+00   6.559074E-02   1.336828E-01  -4.316036E-02
1.140000E+01  -7.678743E-05   1.307159E-03   1.919294E+00   6.530523E-02   1.315682E-01  -4.210431E-02
1.145000E+01  -1.815723E-04  -4.066455E-04   1.922693E+00   6.987810E-02   1.294724E-01  -3.940657E-02
1.150000E+01  -1.174520E-04   3.476815E-03   1.926282E+00   6.846309E-02   1.276275E-01  -3.874555E-02
1.155000E+01   1.661091E-04   1.799997E-03   1.929539E+00   6.912827E-02   1.255979E-01  -4.336238E-02
1.160000E+01   6.254773E-05  -1.138845E-03   1.933195E+00   7.086992E-02   1.232913E-01  -4.951231E-02
1.165000E+01   5.222460E-05   2.167591E-04   1.936626E+00   7.196486E-02   1.206466E-01  -4.982330E-02
1.170000E+01   8.422365E-05  -5.656527E-04   1.940392E+00   7.774234E-02   1.183090E-01  -4.429948E-02
1.175000E+01  -4.340671E-06  -8.400093E-04   1.944401E+00   7.774770E-02   1.162167E-01  -4.752602E-02
1.180000E+01   2.227134E-07   1.215123E-03   1.948166E+00   7.250607E-02   1.135564E-01  -5.504284E-02
1.185000E+01   1.171716E-04   2.506426E-03   1.951651E+00   7.699847E-02   1.107124E-01  -5.202882E-02
1.190000E+01   2.508653E-04  -1.207512E-04   1.955866E+00   8.152843E-02   1.083535E-01  -5.023606E-02
1.195000E+01   1.050965E-04  -4.765508E-03   1.959804E+00   7.803857E-02   1.056888E-01  -5.543295E-02
1.200000E+01  -2.256854E-04  -2.057294E-03   1.963670E+00   7.850409E-02   1.028102E-01  -5.959492E-02
1.205000E+01  -1.006329E-04   7.488070E-04   1.967654E+00   8.317471E-02   9.972930E-02  -5.902175E-02
1.210000E+01  -1.508047E-04   2.251558E-03   1.971987E+00   9.476900E-02   9.690801E-02  -5.933277E-02
1.215000E+01   1.245229E-04   2.464325E-03   1.977131E+00   9.965599E-02   9.379603E-02  -6.002348E-02
1.220000E+01   9.562777E-05  -2.374188E-03   1.981953E+00   9.925365E-02   9.090567E-02  -5.640823E-02
1.225000E+01  -1.128958E-04  -2.643678E-03   1.987057E+00   9.842932E-02   8.815520E-02  -5.716156E-02
1.230000E+01  -1.687400E-04   8.793953E-04   1.991796E+00   9.726107E-02   8.518951E-02  -5.822070E-02
1.235000E+01  -2.495631E-05   6.207237E-04   1.996783E+00   1.139736E-01   8.233313E-02  -5.305983E-02
1.240000E+01  -1.066676E-04  -3.069160E-03   2.003193E+00   1.306808E-01   7.988352E-02  -4.456714E-02
1.245000E+01  -3.318723E-04  -1.328767E-03   2.009851E+00   1.313245E-01   7.787642E-02  -3.199395E-02
1.250000E+01  -2.395443E-04   1.144486E-03   2.016326E+00   1.226890E-01   7.668413E-02  -1.411892E-02
1.255000E+01  -2.174237E-04  -1.691524E-04   2.022120E+00   1.007521E-01   7.646453E-02   4.462898E-03
1.260000E+01  -2.564595E-04   1.726669E-04   2.026401E+00   7.300377E-02   7.713042E-02   1.929220E-02
1.265000E+01  -2.001570E-04   2.060068E-03   2.029420E+00   4.553556E-02   7.839374E-02   2.742514E-02
1.270000E+01  -5.045270E-05   1.681649E-03   2.030955E+00   1.522660E-02   7.987294E-02   2.666581E-02
1.275000E+01  -3.199208E-05   5.893685E-04   2.030943E+00  -1.707196E-02   8.106033E-02   2.178971E-02
1.280000E+01   8.484156E-06   4.326642E-03   2.029247E+00  -4.736900E-02   8.205190E-02   1.282800E-02
1.285000E+01   4.006722E-04   5.729473E-03   2.026206E+00  -6.641269E-02   8.234313E-02  -1.620017E-03
1.290000E+01   5.814315E-04   2.043196E-03   2.022606E+00  -7.558465E-02   8.188990E-02  -5.925745E-03
1.295000E+01   6.049919E-04   1.250229E-03   2.018648E+00  -8.134961E-02   8.175056E-02  -3.484897E-03
1.300000E+01   7.064544E-04   2.222737E-03   2.014471E+00  -8.380651E-02   8.154141E-02  -4.114658E-03
1.305000E+01   8.272656E-04   3.028382E-03   2.010267E+00  -8.592010E-02   8.133909E-02  -1.193285E-03
1.310000E+01   1.009293E-03   2.965153E-03   2.005879E+00  -9.383261E-02   8.142208E-02   2.802722E-03
1.315000E+01   1.123781E-03   3.321974E-03   2.000884E+00  -9.584367E-02   8.161936E-02   6.441958E-03
1.320000E+01   1.341490E-03   1.298207E-03   1.996295E+00  -8.856773E-02   8.206628E-02   7.359907E-03
1.325000E+01   1.253602E-03  -2.847686E-03   1.992027E+00  -8.614242E-02   8.235535E-02   4.846714E-03
1.330000E+01   1.056721E-03  -5.853368E-04   1.987681E+00  -7.868290E-02   8.255095E-02   5.713217E-03
1.335000E+01   1.195068E-03   2.393013E-03   1.984159E+00  -7.204771E-02   8.292668E-02   1.087777E-02
1.340000E+01   1.296023E-03  -7.629523E-04   1.980476E+00  -7.420182E-02   8.363873E-02   1.699246E-02
1.345000E+01   1.118773E-03  -1.406476E-03   1.976738E+00  -7.254183E-02   8.462591E-02   1.508504E-02
1.350000E+01   1.155375E-03   3.676682E-03   1.973222E+00  -6.553710E-02   8.514723E-02   9.458140E-03
1.355000E+01   1.486441E-03   4.017507E-03   1.970185E+00  -5.785227E-02   8.557174E-02   9.231158E-03
1.360000E+01   1.557126E-03  -9.356998E-05   1.967436E+00  -5.629480E-02   8.607034E-02   9.557791E-03
1.365000E+01   1.477084E-03   1.932314E-04   1.964555E+00  -6.287515E-02   8.652751E-02   8.210540E-03
1.370000E+01   1.576449E-03   1.534959E-04   1.961149E+00  -6.310463E-02   8.689140E-02   3.401823E-03
1.375000E+01   1.492433E-03  -8.427660E-04   1.958245E+00  -6.123126E-02   8.686769E-02   3.819130E-03
1.380000E+01   1.492172E-03   2.575225E-03   1.955026E+00  -6.192088E-02   8.727331E-02   6.308146E-03
1.385000E+01   1.749956E-03   2.641467E-03   1.952053E+00  -5.178094E-02   8.749851E-02   4.317164E-03
1.390000E+01   1.756319E-03   3.438679E-03   1.949848E+00  -5.184114E-02   8.770503E-02   6.601214E-05
1.395000E+01   2.093824E-03   5.203211E-03   1.946869E+00  -6.240666E-02   8.750511E-02  -5.732812E-03
1.400000E+01   2.276640E-03  -7.080927E-04   1.943607E+00  -6.357253E-02   8.713175E-02  -4.433654E-03
1.405000E+01   2.023015E-03   2.189574E-04   1.940511E+00  -5.816817E-02   8.706175E-02   7.302314E-04
1.410000E+01   2.298536E-03   2.793579E-03   1.937790E+00  -5.498767E-02   8.720477E-02   5.013570E-03
1.415000E+01   2.302372E-03  -1.361459E-03   1.935013E+00  -5.634725E-02   8.756310E-02   3.692284E-03
1.420000E+01   2.162390E-03   1.485425E-04   1.932155E+00  -5.482316E-02   8.757401E-02  -3.572553E-04
1.425000E+01   2.317227E-03   2.470729E-03   1.929530E+00  -4.581153E-02   8.752738E-02   1.330301E-03
1.430000E+01   2.409463E-03  -1.241864E-03   1.927574E+00  -4.039764E-02   8.770703E-02  -2.425909E-03
1.435000E+01   2.193040E-03  -5.278271E-05   1.925490E+00  -4.447639E-02   8.728479E-02  -1.034148E-02
1.440000E+01   2.404185E-03  -4.721538E-04   1.923127E+00  -4.671395E-02   8.667289E-02  -1.411416E-02
1.445000E+01   2.145825E-03  -3.969430E-03   1.920819E+00  -3.783643E-02   8.587337E-02  -1.572508E-02
1.450000E+01   2.007242E-03  -6.480986E-04   1.919343E+00  -3.176570E-02   8.510038E-02  -1.183704E-02
1.455000E+01   2.081015E-03   6.564846E-05   1.917642E+00  -3.341675E-02   8.468966E-02  -9.824261E-03
1.460000E+01   2.013806E-03  -1.455523E-04   1.916001E+00  -3.145278E-02   8.411795E-02  -1.099531E-02
1.465000E+01   2.066460E-03   1.581891E-03   1.914497E+00  -2.788663E-02   8.359013E-02  -1.209695E-02
1.470000E+01   2.171996E-03   1.638554E-03   1.913213E+00  -1.926303E-02   8.290826E-02  -1.624729E-02
1.475000E+01   2.230315E-03   1.397816E-03   1.912571E+00  -9.931922E-03   8.196540E-02  -1.790699E-02
1.480000E+01   2.311777E-03   1.345185E-03   1.912220E+00  -1.422942E-02   8.111756E-02  -1.788341E-02
1.485000E+01   2.364834E-03  -2.209726E-04   1.911148E+00  -2.120495E-02   8.017707E-02  -1.961466E-02
1.490000E+01   2.289680E-03  -1.999112E-03   1.910099E+00  -2.135813E-02   7.915609E-02  -1.814503E-02
1.495000E+01   2.164923E-03   1.976071E-03   1.909012E+00  -2.305329E-02   7.836256E-02  -1.052983E-02
1.500000E+01   2.487287E-03   1.976071E-03   1.907794E+00  -2.305329E-02   7.810311E-02  -1.052983E-02
