# problem = TPV10
# author = BradAagaard
# date = 2008-11-09
# code = EqSim
# code_version = 0.6.6
# element_size = 100m
# time_step =   5.000000E-02
# num_timesteps =      301
# location = 3.0 km off fault, 12.0 km along strike and -0.0 km depth
# Time series in 7 columns of E14.6:
# Column #1 = time (s)
# Column #2 = horizontal fault-parallel displacement (m)
# Column #3 = horizontal fault-parallel velocity (m/s)
# Column #4 = vertical displacement (m)
# Column #5 = vertical velocity (m/s)
# Column #6 = horizontal fault-normal displacement (m)
# Column #7 = horizontal fault-normal velocity (m/s)
#
# Data fields
# t h-disp h-vel v-disp v-vel n-disp n-vel
0.000000E+00   0.000000E+00   0.000000E+00  -0.000000E+00  -0.000000E+00  -0.000000E+00  -0.000000E+00
5.000000E-02   0.000000E+00   9.503961E-28  -0.000000E+00  -1.322635E-27  -0.000000E+00  -3.455729E-28
1.000000E-01   9.503961E-29   1.580198E-23  -1.322635E-28  -2.222764E-23  -3.455729E-29   5.647082E-24
1.500000E-01   1.580198E-24  -1.242330E-21  -2.222764E-24   1.180536E-21   5.647083E-25   8.202338E-22
2.000000E-01  -1.242329E-22   4.202817E-20   1.180535E-22  -5.135611E-20   8.202335E-23   7.147367E-20
2.500000E-01   4.204398E-21  -3.133378E-18  -5.137834E-21   2.462462E-17   7.147932E-21  -1.432584E-17
3.000000E-01  -3.134621E-19  -2.233637E-16   2.462580E-18   8.187590E-15  -1.432502E-18  -5.957927E-15
3.500000E-01  -2.233217E-17  -6.524885E-15   8.187539E-16   4.182178E-13  -5.957856E-16  -4.350265E-13
4.000000E-01  -6.528020E-16  -2.609143E-13   4.182424E-14   3.397498E-12  -4.350408E-14  -4.852717E-12
4.500000E-01  -2.611376E-14  -2.004683E-12   3.405686E-13   4.813735E-13  -4.858674E-13  -1.097505E-11
5.000000E-01  -2.011211E-13  -3.891421E-12   8.996159E-14  -1.149431E-11  -1.141009E-12  -5.499096E-12
5.500000E-01  -4.152559E-13   1.183618E-12  -8.088623E-13   1.379781E-11  -1.035777E-12  -9.736142E-12
6.000000E-01  -8.275925E-14   3.068128E-12   1.469743E-12   2.492642E-11  -2.114623E-12  -3.428038E-11
6.500000E-01  -1.084431E-13  -1.065264E-11   1.683779E-12  -1.193427E-10  -4.463816E-12   2.739668E-11
7.000000E-01  -1.148024E-12  -6.633119E-12  -1.046453E-11  -6.020131E-11   6.250450E-13   5.366776E-11
7.500001E-01  -7.717551E-13  -7.212722E-12  -4.336352E-12  -6.482957E-13   9.029601E-13   2.378452E-11
8.000001E-01  -1.869296E-12  -3.100161E-12  -1.052936E-11  -1.316693E-10   3.003497E-12   9.323733E-12
8.500000E-01  -1.081771E-12  -2.001429E-11  -1.750328E-11  -6.154521E-13   1.835333E-12  -7.410130E-11
9.000000E-01  -3.870725E-12   1.177270E-11  -1.059090E-11   1.343115E-10  -4.406634E-12   2.562999E-11
9.500000E-01   9.549902E-14   6.633216E-11  -4.072135E-12   1.937918E-10   4.398332E-12   8.591464E-11
1.000000E+00   2.762491E-12  -3.767507E-11   8.788283E-12  -8.607722E-11   4.184830E-12  -6.951421E-11
1.050000E+00  -3.672008E-12  -7.723247E-11  -1.267986E-11  -1.166407E-10  -2.553089E-12  -4.952417E-11
1.100000E+00  -4.960755E-12  -6.901328E-12  -2.875785E-12   8.179356E-12  -7.675865E-13   4.828132E-11
1.150000E+00  -4.362141E-12   7.709519E-11  -1.186192E-11  -2.260215E-10   2.275043E-12   1.007604E-10
1.200000E+00   2.748763E-12   2.093790E-10  -2.547793E-11   2.224880E-10   9.308453E-12   6.562958E-11
1.250000E+00   1.657577E-11   8.485755E-11   1.038688E-11   3.564303E-10   8.838002E-12   1.047578E-10
1.300000E+00   1.123452E-11  -1.171549E-10   1.016510E-11  -2.763868E-10   1.978423E-11   1.401468E-11
1.350000E+00   4.860278E-12   1.086954E-11  -1.725181E-11  -2.014897E-10   1.023947E-11  -1.050977E-10
1.400000E+00   1.232147E-11   8.250194E-11  -9.983874E-12   2.093886E-10   9.274462E-12   2.613217E-10
1.450000E+00   1.311047E-11  -2.629654E-11   3.687051E-12   3.312295E-11   3.637164E-11   3.165321E-10
1.500000E+00   9.691819E-12   3.494545E-11  -6.671579E-12  -7.574213E-11   4.092767E-11  -2.077760E-10
1.550000E+00   1.660502E-11   1.047209E-10  -3.887161E-12   1.040886E-10   1.559405E-11  -2.894532E-10
1.600000E+00   2.016391E-11   6.381387E-11   3.737285E-12   4.937475E-11   1.198235E-11  -2.151427E-10
1.650000E+00   2.298640E-11   2.965409E-11   1.050314E-12   1.478709E-10  -5.920227E-12  -1.171557E-10
1.700000E+00   2.312932E-11  -1.257160E-10   1.852437E-11   7.648746E-11   2.667820E-13   2.584122E-10
1.750000E+00   1.041480E-11  -1.636078E-10   8.699061E-12  -1.328716E-10   1.992100E-11   6.042211E-11
1.800000E+00   6.768534E-12  -2.196591E-11   5.237216E-12  -3.902870E-11   6.308993E-12  -1.034091E-10
1.850000E+00   8.218211E-12   6.756092E-11   4.796190E-12  -1.800128E-10   9.580081E-12   1.108935E-10
1.900000E+00   1.352463E-11  -1.114558E-11  -1.276406E-11  -1.552766E-10   1.739835E-11   9.585319E-11
1.950000E+00   7.103653E-12   4.760655E-11  -1.073147E-11   1.049712E-10   1.916540E-11  -7.185835E-12
2.000000E+00   1.828528E-11  -1.494178E-11  -2.266936E-12   3.174618E-10   1.667976E-11  -1.089963E-10
2.050000E+00   5.609475E-12  -5.880828E-11   2.101471E-11   2.839944E-10   8.265773E-12  -6.650899E-11
2.100000E+00   1.240445E-11   1.951117E-11   2.613250E-11   1.454157E-10   1.002886E-11  -6.471102E-11
2.150000E+00   7.560593E-12  -1.256619E-10   3.555629E-11   3.132475E-10   1.794671E-12  -4.134144E-12
2.200000E+00  -1.617348E-13  -7.035927E-11   5.745725E-11   1.408355E-10   9.615450E-12   3.872655E-11
2.250000E+00   5.246649E-13  -1.364942E-09   4.963984E-11   1.057457E-09   5.667326E-12   4.760533E-11
2.300000E+00  -1.366560E-10  -1.769286E-08   1.632029E-10   1.384487E-08   1.437598E-11   3.698899E-09
2.350000E+00  -1.768762E-09  -1.659144E-07   1.434127E-09   1.289361E-07   3.755573E-10   3.771015E-08
2.400000E+00  -1.672809E-08  -1.149755E-06   1.305681E-08   8.816631E-07   3.785391E-09   2.806062E-07
2.450000E+00  -1.167443E-07  -5.876004E-06   8.960044E-08   4.430167E-06   2.843618E-08   1.547020E-06
2.500000E+00  -6.043285E-07  -2.224254E-05   4.560735E-07   1.642243E-05   1.584874E-07   6.343663E-06
2.550000E+00  -2.340998E-06  -6.359555E-05   1.731843E-06   4.577704E-05   6.628024E-07   1.973131E-05
2.600000E+00  -6.963884E-06  -1.440809E-04   5.033777E-06   1.008483E-04   2.131618E-06   4.862469E-05
2.650000E+00  -1.674909E-05  -2.793061E-04   1.181667E-05   1.904732E-04   5.525271E-06   1.015795E-04
2.700000E+00  -3.489450E-05  -4.994408E-04   2.408110E-05   3.333212E-04   1.228957E-05   1.926384E-04
2.750000E+00  -6.669317E-05  -8.675951E-04   4.514879E-05   5.700910E-04   2.478911E-05   3.486339E-04
2.800000E+00  -1.216540E-04  -1.522682E-03   8.109020E-05   9.949059E-04   4.715296E-05   6.241170E-04
2.850000E+00  -2.189614E-04  -2.701440E-03   1.446394E-04   1.760164E-03   8.720081E-05   1.113708E-03
2.900000E+00  -3.917980E-04  -4.710921E-03   2.571066E-04   3.045809E-03   1.585238E-04   1.954825E-03
2.950000E+00  -6.900534E-04  -7.943290E-03   4.492202E-04   5.074191E-03   2.826833E-04   3.350924E-03
3.000000E+00  -1.186127E-03  -1.243492E-02   7.645257E-04   7.741057E-03   4.936162E-04   5.457970E-03
3.050000E+00  -1.933546E-03  -1.681892E-02   1.223326E-03   9.861778E-03   8.284803E-04   8.017827E-03
3.100000E+00  -2.868019E-03  -1.871185E-02   1.750703E-03   9.706289E-03   1.295399E-03   1.028304E-02
3.150000E+00  -3.804731E-03  -1.784875E-02   2.193955E-03   7.477575E-03   1.856784E-03   1.181505E-02
3.200000E+00  -4.652894E-03  -1.700211E-02   2.498461E-03   5.488049E-03   2.476904E-03   1.310678E-02
3.250000E+00  -5.504942E-03  -1.675434E-02   2.742760E-03   3.853673E-03   3.167462E-03   1.440718E-02
3.300000E+00  -6.328329E-03  -1.541031E-02   2.883828E-03   1.408544E-03   3.917622E-03   1.533198E-02
3.350000E+00  -7.045973E-03  -1.437637E-02   2.883614E-03  -3.114983E-04   4.700660E-03   1.620996E-02
3.400000E+00  -7.765966E-03  -1.382791E-02   2.852679E-03  -1.563497E-03   5.538618E-03   1.693600E-02
3.450000E+00  -8.428764E-03  -1.320580E-02   2.727264E-03  -2.988384E-03   6.394261E-03   1.743064E-02
3.500000E+00  -9.086546E-03  -1.452528E-02   2.553840E-03  -2.953165E-03   7.281682E-03   1.869484E-02
3.550000E+00  -9.881292E-03  -1.616095E-02   2.431948E-03  -2.550801E-03   8.263744E-03   2.011524E-02
3.600000E+00  -1.070264E-02  -1.685904E-02   2.298760E-03  -2.834307E-03   9.293206E-03   2.109788E-02
3.650000E+00  -1.156720E-02  -1.761268E-02   2.148517E-03  -3.577432E-03   1.037353E-02   2.200437E-02
3.700000E+00  -1.246391E-02  -1.873458E-02   1.941017E-03  -3.805930E-03   1.149364E-02   2.337506E-02
3.750000E+00  -1.344065E-02  -2.008528E-02   1.767924E-03  -3.777157E-03   1.271104E-02   2.514697E-02
3.800000E+00  -1.447244E-02  -2.144251E-02   1.563301E-03  -4.187831E-03   1.400834E-02   2.639820E-02
3.850000E+00  -1.558491E-02  -2.340288E-02   1.349141E-03  -4.079094E-03   1.535086E-02   2.819763E-02
3.900000E+00  -1.681272E-02  -2.514017E-02   1.155392E-03  -3.943402E-03   1.682810E-02   3.024776E-02
3.950000E+00  -1.809892E-02  -2.674076E-02   9.548009E-04  -4.490693E-03   1.837564E-02   3.179274E-02
4.000000E+00  -1.948680E-02  -2.844694E-02   7.063224E-04  -4.931760E-03   2.000738E-02   3.375500E-02
4.050000E+00  -2.094362E-02  -3.064038E-02   4.616249E-04  -4.827430E-03   2.175114E-02   3.607508E-02
4.100000E+00  -2.255084E-02  -3.311455E-02   2.235794E-04  -5.437493E-03   2.361488E-02   3.848335E-02
4.150000E+00  -2.425507E-02  -3.439390E-02  -8.212440E-05  -6.634166E-03   2.559947E-02   4.033140E-02
4.200000E+00  -2.599023E-02  -3.525871E-02  -4.398372E-04  -7.516488E-03   2.764802E-02   4.233444E-02
4.250000E+00  -2.778094E-02  -3.542594E-02  -8.337732E-04  -9.934021E-03   2.983291E-02   4.455563E-02
4.300000E+00  -2.953282E-02  -3.576010E-02  -1.433239E-03  -1.416926E-02   3.210359E-02   4.444136E-02
4.350000E+00  -3.135695E-02  -3.786275E-02  -2.250699E-03  -1.448946E-02   3.427705E-02   4.541157E-02
4.400000E+00  -3.331910E-02  -3.949548E-02  -2.882185E-03  -1.101225E-02   3.664474E-02   5.055612E-02
4.450000E+00  -3.530650E-02  -4.217781E-02  -3.351924E-03  -1.076205E-02   3.933266E-02   5.375901E-02
4.500000E+00  -3.753688E-02  -4.742125E-02  -3.958390E-03  -1.336589E-02   4.202064E-02   5.288016E-02
4.550000E+00  -4.004863E-02  -4.975574E-02  -4.688513E-03  -1.550587E-02   4.462068E-02   5.139362E-02
4.600000E+00  -4.251245E-02  -4.663469E-02  -5.508977E-03  -1.879411E-02   4.716001E-02   5.406111E-02
4.650000E+00  -4.471210E-02  -3.991995E-02  -6.567924E-03  -2.258086E-02   5.002679E-02   6.027319E-02
4.700000E+00  -4.650445E-02  -3.421178E-02  -7.767064E-03  -1.899209E-02   5.318733E-02   5.520675E-02
4.750000E+00  -4.813327E-02  -3.560727E-02  -8.467132E-03  -5.184675E-03   5.554746E-02   3.336368E-02
4.800000E+00  -5.006517E-02  -4.150981E-02  -8.285531E-03   1.123126E-02   5.652370E-02   6.521754E-03
4.850000E+00  -5.228426E-02  -4.748961E-02  -7.344006E-03   2.719112E-02   5.619964E-02  -1.689624E-02
4.900000E+00  -5.481414E-02  -5.372854E-02  -5.566418E-03   4.218858E-02   5.483407E-02  -3.526097E-02
4.950000E+00  -5.765711E-02  -6.028799E-02  -3.125147E-03   5.590523E-02   5.267354E-02  -5.063269E-02
5.000000E+00  -6.084293E-02  -6.910920E-02   2.410472E-05   6.793818E-02   4.977080E-02  -6.301211E-02
5.050000E+00  -6.456803E-02  -7.870711E-02   3.668671E-03   7.517084E-02   4.637233E-02  -6.952310E-02
5.100000E+00  -6.871365E-02  -8.429673E-02   7.541189E-03   7.870029E-02   4.281849E-02  -7.135181E-02
5.150000E+00  -7.299770E-02  -8.664500E-02   1.153870E-02   8.151588E-02   3.923715E-02  -6.811118E-02
5.200000E+00  -7.737815E-02  -8.969072E-02   1.569278E-02   8.325640E-02   3.600737E-02  -5.825307E-02
5.250000E+00  -8.196677E-02  -9.212255E-02   1.986434E-02   7.982105E-02   3.341185E-02  -4.859305E-02
5.300000E+00  -8.659040E-02  -9.299323E-02   2.367488E-02   7.656364E-02   3.114807E-02  -4.257944E-02
5.350000E+00  -9.126610E-02  -9.348784E-02   2.752071E-02   7.866058E-02   2.915390E-02  -3.662437E-02
5.400000E+00  -9.593919E-02  -8.982118E-02   3.154094E-02   7.761469E-02   2.748563E-02  -2.905750E-02
5.450000E+00  -1.002482E-01  -8.303761E-02   3.528217E-02   7.269908E-02   2.624815E-02  -2.261085E-02
5.500000E+00  -1.042430E-01  -8.028988E-02   3.881085E-02   7.190698E-02   2.522454E-02  -1.942029E-02
5.550000E+00  -1.082772E-01  -8.205790E-02   4.247287E-02   7.545815E-02   2.430612E-02  -1.839541E-02
5.600000E+00  -1.124487E-01  -8.399416E-02   4.635666E-02   7.812604E-02   2.338500E-02  -2.183765E-02
5.650000E+00  -1.166766E-01  -8.822955E-02   5.028547E-02   7.992104E-02   2.212236E-02  -2.685018E-02
5.700000E+00  -1.212717E-01  -9.375270E-02   5.434877E-02   8.299217E-02   2.069999E-02  -2.627575E-02
5.750000E+00  -1.260519E-01  -9.840239E-02   5.858469E-02   8.809377E-02   1.949478E-02  -2.339817E-02
5.800000E+00  -1.311119E-01  -1.038428E-01   6.315814E-02   9.296581E-02   1.836017E-02  -2.443376E-02
5.850000E+00  -1.364362E-01  -1.089877E-01   6.788127E-02   9.652548E-02   1.705140E-02  -2.709539E-02
5.900000E+00  -1.420107E-01  -1.123416E-01   7.281069E-02   9.882064E-02   1.565063E-02  -2.792882E-02
5.950000E+00  -1.476703E-01  -1.173525E-01   7.776333E-02   1.045226E-01   1.425852E-02  -2.923381E-02
6.000000E+00  -1.537459E-01  -1.280495E-01   8.326295E-02   1.110731E-01   1.272725E-02  -3.283938E-02
6.050000E+00  -1.604753E-01  -1.358590E-01   8.887064E-02   1.169880E-01   1.097458E-02  -3.724449E-02
6.100000E+00  -1.673318E-01  -1.364823E-01   9.496175E-02   1.266963E-01   9.002801E-03  -3.953560E-02
6.150000E+00  -1.741235E-01  -1.403198E-01   1.015403E-01   1.345420E-01   7.021025E-03  -4.054890E-02
6.200000E+00  -1.813638E-01  -1.479239E-01   1.084159E-01   1.395810E-01   4.947911E-03  -4.219405E-02
6.250000E+00  -1.889159E-01  -1.540536E-01   1.154984E-01   1.440374E-01   2.801620E-03  -4.591881E-02
6.300000E+00  -1.967692E-01  -1.636504E-01   1.228197E-01   1.529358E-01   3.560297E-04  -5.475726E-02
6.350000E+00  -2.052809E-01  -1.753309E-01   1.307920E-01   1.652554E-01  -2.674105E-03  -6.612070E-02
6.400001E+00  -2.143023E-01  -1.872707E-01   1.393452E-01   1.750812E-01  -6.256041E-03  -7.274839E-02
6.450000E+00  -2.240080E-01  -1.975408E-01   1.483001E-01   1.803739E-01  -9.948945E-03  -7.320227E-02
6.500000E+00  -2.340564E-01  -2.027344E-01   1.573826E-01   1.885710E-01  -1.357627E-02  -7.255048E-02
6.550000E+00  -2.442814E-01  -2.107091E-01   1.671572E-01   2.000339E-01  -1.720399E-02  -7.542378E-02
6.600000E+00  -2.551273E-01  -2.222050E-01   1.773860E-01   2.109604E-01  -2.111865E-02  -8.009573E-02
6.650001E+00  -2.665020E-01  -2.355169E-01   1.882532E-01   2.262622E-01  -2.521357E-02  -8.671356E-02
6.700000E+00  -2.786790E-01  -2.476335E-01   2.000122E-01   2.453961E-01  -2.979000E-02  -9.119338E-02
6.750000E+00  -2.912653E-01  -2.550878E-01   2.127928E-01   2.699961E-01  -3.433290E-02  -9.142070E-02
6.800000E+00  -3.041877E-01  -2.642864E-01   2.270118E-01   3.030163E-01  -3.893207E-02  -9.369570E-02
6.850000E+00  -3.176939E-01  -2.750573E-01   2.430945E-01   3.413850E-01  -4.370248E-02  -8.937325E-02
6.900001E+00  -3.316935E-01  -2.762248E-01   2.611504E-01   3.852776E-01  -4.786940E-02  -7.834694E-02
6.950000E+00  -3.453164E-01  -2.677269E-01   2.816222E-01   4.370514E-01  -5.153717E-02  -6.927343E-02
7.000000E+00  -3.584661E-01  -2.599017E-01   3.048555E-01   4.857725E-01  -5.479674E-02  -5.216340E-02
7.050000E+00  -3.713066E-01  -2.484904E-01   3.301995E-01   5.208838E-01  -5.675351E-02  -2.240686E-02
7.100000E+00  -3.833152E-01  -2.351084E-01   3.569438E-01   5.488896E-01  -5.703743E-02   5.738623E-03
7.150001E+00  -3.948174E-01  -2.271193E-01   3.850884E-01   5.722940E-01  -5.617964E-02   2.522260E-02
7.200000E+00  -4.060271E-01  -2.158999E-01   4.141732E-01   5.903032E-01  -5.451517E-02   3.887374E-02
7.250000E+00  -4.164074E-01  -2.063601E-01   4.441187E-01   6.077783E-01  -5.229227E-02   4.612392E-02
7.300000E+00  -4.266632E-01  -2.003764E-01   4.749511E-01   6.219164E-01  -4.990277E-02   4.865449E-02
7.350000E+00  -4.364451E-01  -1.803063E-01   5.063104E-01   6.345275E-01  -4.742682E-02   4.608629E-02
7.400001E+00  -4.446938E-01  -1.575741E-01   5.384039E-01   6.509877E-01  -4.529414E-02   4.237015E-02
7.450000E+00  -4.522025E-01  -1.458971E-01   5.714092E-01   6.611389E-01  -4.318981E-02   4.177606E-02
7.500000E+00  -4.592835E-01  -1.299070E-01   6.045177E-01   6.661636E-01  -4.111654E-02   3.934932E-02
7.550000E+00  -4.651932E-01  -1.063791E-01   6.380255E-01   6.751347E-01  -3.925487E-02   3.400100E-02
7.600000E+00  -4.699214E-01  -7.898867E-02   6.720312E-01   6.825590E-01  -3.771644E-02   3.026943E-02
7.650001E+00  -4.730920E-01  -4.973441E-02   7.062814E-01   6.791571E-01  -3.622793E-02   3.101984E-02
7.700000E+00  -4.748948E-01  -2.297297E-02   7.399469E-01   6.649798E-01  -3.461445E-02   3.341685E-02
7.750000E+00  -4.753893E-01   2.850592E-03   7.727794E-01   6.462425E-01  -3.288625E-02   3.588897E-02
7.800000E+00  -4.746098E-01   2.461210E-02   8.045712E-01   6.209838E-01  -3.102556E-02   3.504939E-02
7.850000E+00  -4.729281E-01   4.486769E-02   8.348778E-01   5.942529E-01  -2.938131E-02   3.155288E-02
7.900001E+00  -4.701230E-01   6.266862E-02   8.639964E-01   5.696321E-01  -2.787027E-02   3.216759E-02
7.950000E+00  -4.666613E-01   7.434651E-02   8.918410E-01   5.391669E-01  -2.616455E-02   3.177199E-02
8.000000E+00  -4.626884E-01   8.176938E-02   9.179131E-01   5.131793E-01  -2.469307E-02   2.547826E-02
8.050000E+00  -4.584843E-01   8.908913E-02   9.431589E-01   4.887635E-01  -2.361672E-02   2.136353E-02
8.100000E+00  -4.537795E-01   9.630278E-02   9.667895E-01   4.682708E-01  -2.255672E-02   2.523789E-02
8.150001E+00  -4.488540E-01   9.727627E-02   9.899860E-01   4.562271E-01  -2.109293E-02   2.654113E-02
8.200001E+00  -4.440518E-01   9.801507E-02   1.012412E+00   4.376453E-01  -1.990260E-02   1.673016E-02
8.250000E+00  -4.390525E-01   1.034831E-01   1.033751E+00   4.203618E-01  -1.941992E-02   8.884266E-03
8.300000E+00  -4.337035E-01   1.059647E-01   1.054448E+00   4.107988E-01  -1.901418E-02   9.466924E-03
8.350000E+00  -4.284561E-01   1.044890E-01   1.074830E+00   3.995717E-01  -1.847323E-02   1.068409E-02
8.400001E+00  -4.232546E-01   1.052856E-01   1.094406E+00   3.850567E-01  -1.794577E-02   1.001756E-02
8.450001E+00  -4.179275E-01   1.095457E-01   1.113336E+00   3.752857E-01  -1.747147E-02   6.081495E-03
8.500000E+00  -4.123001E-01   1.056968E-01   1.131934E+00   3.680986E-01  -1.733762E-02   5.496200E-03
8.550000E+00  -4.073578E-01   9.906515E-02   1.150146E+00   3.532374E-01  -1.692185E-02   8.422704E-03
8.600000E+00  -4.023935E-01   8.950621E-02   1.167258E+00   3.296429E-01  -1.649535E-02   7.202011E-03
8.650001E+00  -3.984072E-01   7.053375E-02   1.183110E+00   3.069377E-01  -1.620165E-02   9.718458E-03
8.700001E+00  -3.953401E-01   5.277157E-02   1.197952E+00   2.918726E-01  -1.552350E-02   1.548300E-02
8.750000E+00  -3.931301E-01   3.919229E-02   1.212297E+00   2.784598E-01  -1.465335E-02   1.419966E-02
8.800000E+00  -3.914209E-01   2.630889E-02   1.225798E+00   2.639359E-01  -1.410354E-02   1.605396E-02
8.850000E+00  -3.904992E-01   9.589195E-03   1.238691E+00   2.527690E-01  -1.304795E-02   2.419048E-02
8.900001E+00  -3.904620E-01  -7.850826E-03   1.251075E+00   2.416664E-01  -1.168449E-02   2.579512E-02
8.950001E+00  -3.912842E-01  -2.917260E-02   1.262858E+00   2.360475E-01  -1.046844E-02   2.771382E-02
9.000000E+00  -3.933793E-01  -5.696341E-02   1.274679E+00   2.200264E-01  -8.913107E-03   3.329604E-02
9.050000E+00  -3.969806E-01  -8.741364E-02   1.284860E+00   1.758993E-01  -7.138838E-03   3.484863E-02
9.100000E+00  -4.021206E-01  -1.163094E-01   1.292269E+00   1.148522E-01  -5.428243E-03   2.618366E-02
9.150001E+00  -4.086115E-01  -1.347712E-01   1.296346E+00   5.065143E-02  -4.520472E-03   9.421608E-03
9.200001E+00  -4.155977E-01  -1.421155E-01   1.297334E+00  -1.247764E-02  -4.486083E-03  -3.085774E-03
9.250001E+00  -4.228231E-01  -1.409480E-01   1.295098E+00  -6.990850E-02  -4.829050E-03  -6.594267E-03
9.300000E+00  -4.296925E-01  -1.323192E-01   1.290344E+00  -1.127625E-01  -5.145510E-03  -9.817900E-03
9.350000E+00  -4.360550E-01  -1.143372E-01   1.283822E+00  -1.407570E-01  -5.810840E-03  -1.518317E-02
9.400001E+00  -4.411263E-01  -9.784415E-02   1.276268E+00  -1.615423E-01  -6.663827E-03  -1.914301E-02
9.450001E+00  -4.458394E-01  -8.143067E-02   1.267667E+00  -1.771170E-01  -7.725141E-03  -2.194437E-02
9.500001E+00  -4.492693E-01  -6.213710E-02   1.258556E+00  -1.802707E-01  -8.858264E-03  -3.006989E-02
9.550000E+00  -4.520531E-01  -4.529238E-02   1.249640E+00  -1.736963E-01  -1.073213E-02  -3.735794E-02
9.600000E+00  -4.537986E-01  -3.256619E-02   1.241186E+00  -1.647103E-01  -1.259406E-02  -3.762752E-02
9.650001E+00  -4.553097E-01  -2.893731E-02   1.233169E+00  -1.563114E-01  -1.449488E-02  -3.865644E-02
9.700001E+00  -4.566923E-01  -2.376929E-02   1.225555E+00  -1.485491E-01  -1.645970E-02  -3.759249E-02
9.750001E+00  -4.576867E-01  -1.475975E-02   1.218314E+00  -1.404846E-01  -1.825413E-02  -4.076132E-02
9.800000E+00  -4.581683E-01  -1.153842E-02   1.211507E+00  -1.337457E-01  -2.053583E-02  -4.516909E-02
9.850000E+00  -4.588405E-01  -9.258091E-03   1.204940E+00  -1.249874E-01  -2.277104E-02  -3.646903E-02
9.900001E+00  -4.590941E-01  -9.495467E-03   1.199008E+00  -1.204383E-01  -2.418274E-02  -3.145623E-02
9.950001E+00  -4.597901E-01  -7.257611E-03   1.192896E+00  -1.164144E-01  -2.591666E-02  -3.445874E-02
1.000000E+01  -4.598199E-01  -1.994669E-03   1.187367E+00  -1.124501E-01  -2.762861E-02  -3.747727E-02
1.005000E+01  -4.599895E-01  -6.374568E-03   1.181651E+00  -1.119304E-01  -2.966439E-02  -3.490518E-02
1.010000E+01  -4.604573E-01  -3.475249E-03   1.176174E+00  -1.006788E-01  -3.111913E-02  -3.057225E-02
1.015000E+01  -4.603370E-01   5.696714E-04   1.171583E+00  -9.132266E-02  -3.272162E-02  -3.239357E-02
1.020000E+01  -4.604003E-01   1.809001E-03   1.167041E+00  -9.521663E-02  -3.435849E-02  -2.969611E-02
1.025000E+01  -4.601561E-01  -7.422268E-04   1.162061E+00  -9.557307E-02  -3.569122E-02  -2.561128E-02
1.030000E+01  -4.604746E-01  -7.368773E-03   1.157484E+00  -8.812547E-02  -3.691962E-02  -2.411109E-02
1.035000E+01  -4.608930E-01  -7.606596E-03   1.153249E+00  -8.788764E-02  -3.810234E-02  -2.074637E-02
1.040000E+01  -4.612352E-01  -5.805194E-03   1.148695E+00  -8.846581E-02  -3.899425E-02  -1.775045E-02
1.045000E+01  -4.614735E-01  -1.588166E-03   1.144402E+00  -8.286774E-02  -3.987738E-02  -2.040965E-02
1.050000E+01  -4.613940E-01  -2.973825E-03   1.140409E+00  -8.140683E-02  -4.103522E-02  -1.617240E-02
1.055000E+01  -4.617709E-01  -8.258671E-03   1.136262E+00  -8.067906E-02  -4.149462E-02  -6.913599E-03
1.060000E+01  -4.622199E-01  -4.785359E-03   1.132341E+00  -6.932318E-02  -4.172657E-02  -3.063995E-03
1.065000E+01  -4.622495E-01  -3.441423E-03   1.129329E+00  -6.323099E-02  -4.180102E-02  -4.173033E-03
1.070000E+01  -4.625641E-01  -5.344450E-03   1.126018E+00  -6.962299E-02  -4.214388E-02  -9.121615E-03
1.075000E+01  -4.627839E-01  -4.006177E-03   1.122367E+00  -7.124305E-02  -4.271318E-02  -8.936785E-03
1.080000E+01  -4.629647E-01  -3.240407E-03   1.118893E+00  -6.841063E-02  -4.303756E-02  -1.429860E-03
1.085000E+01  -4.631079E-01  -5.149394E-03   1.115526E+00  -6.314099E-02  -4.285616E-02   2.627540E-03
1.090000E+01  -4.634796E-01  -1.045913E-03   1.112579E+00  -6.364286E-02  -4.277480E-02   4.993696E-03
1.095000E+01  -4.632125E-01   7.992983E-04   1.109162E+00  -6.229341E-02  -4.235680E-02   4.119612E-03
1.100000E+01  -4.633996E-01  -6.064475E-03   1.106350E+00  -6.164730E-02  -4.236284E-02   1.482926E-03
1.105000E+01  -4.638190E-01  -5.243272E-03   1.102997E+00  -6.595671E-02  -4.220850E-02  -1.153443E-03
1.110000E+01  -4.639240E-01  -2.360344E-03   1.099754E+00  -6.239235E-02  -4.247819E-02   6.654114E-04
1.115000E+01  -4.640550E-01  -2.444535E-03   1.096758E+00  -6.933153E-02  -4.214196E-02   7.512644E-03
1.120000E+01  -4.641684E-01  -5.783141E-03   1.092821E+00  -7.357299E-02  -4.172692E-02   9.470638E-03
1.125000E+01  -4.646333E-01  -5.466640E-03   1.089400E+00  -6.450832E-02  -4.119490E-02   1.108883E-02
1.130000E+01  -4.647151E-01  -5.781502E-03   1.086370E+00  -6.556094E-02  -4.061804E-02   4.014466E-03
1.135000E+01  -4.652115E-01  -6.831437E-03   1.082844E+00  -6.939113E-02  -4.079345E-02   3.364217E-03
1.140000E+01  -4.653983E-01  -3.146380E-03   1.079431E+00  -6.283760E-02  -4.028162E-02   7.930696E-03
1.145000E+01  -4.655261E-01  -2.097338E-03   1.076560E+00  -5.277693E-02  -4.000038E-02   1.019791E-02
1.150000E+01  -4.656080E-01  -5.223900E-03   1.074153E+00  -5.002856E-02  -3.926183E-02   1.601676E-02
1.155000E+01  -4.660485E-01  -6.947815E-03   1.071558E+00  -4.480302E-02  -3.839871E-02   1.413087E-02
1.160000E+01  -4.663028E-01  -5.896688E-03   1.069673E+00  -3.972530E-02  -3.784874E-02   1.076255E-02
1.165000E+01  -4.666382E-01  -8.575469E-03   1.067585E+00  -4.385352E-02  -3.732245E-02   6.547654E-03
1.170000E+01  -4.671603E-01  -8.251965E-03   1.065288E+00  -4.511416E-02  -3.719398E-02   5.247286E-03
1.175000E+01  -4.674634E-01  -5.420297E-03   1.063074E+00  -4.295111E-02  -3.679772E-02   9.553013E-03
1.180000E+01  -4.677023E-01  -7.143468E-03   1.060992E+00  -3.843904E-02  -3.623867E-02   1.552961E-02
1.185000E+01  -4.681777E-01  -7.552207E-03   1.059230E+00  -3.530741E-02  -3.524476E-02   1.227624E-02
1.190000E+01  -4.684576E-01  -5.232245E-03   1.057462E+00  -4.278839E-02  -3.501105E-02   4.120059E-03
1.195000E+01  -4.687009E-01  -7.874072E-03   1.054951E+00  -4.178584E-02  -3.483276E-02   6.811004E-03
1.200000E+01  -4.692450E-01  -1.018301E-02   1.053283E+00  -3.267348E-02  -3.432995E-02   1.017224E-02
1.205000E+01  -4.697192E-01  -1.011118E-02   1.051684E+00  -3.162146E-02  -3.381553E-02   8.850805E-03
1.210000E+01  -4.702561E-01  -7.466674E-03   1.050121E+00  -3.259659E-02  -3.344487E-02   7.725023E-03
1.215000E+01  -4.704659E-01  -7.258058E-03   1.048424E+00  -3.473997E-02  -3.304303E-02   6.045830E-03
1.220000E+01  -4.709819E-01  -7.830262E-03   1.046647E+00  -3.704488E-02  -3.284029E-02   5.845558E-03
1.225000E+01  -4.712489E-01  -7.044226E-03   1.044719E+00  -3.844678E-02  -3.245848E-02   1.609018E-03
1.230000E+01  -4.716863E-01  -9.012967E-03   1.042802E+00  -3.440499E-02  -3.267938E-02  -6.026421E-03
1.235000E+01  -4.721502E-01  -5.775392E-03   1.041279E+00  -2.086401E-02  -3.306112E-02  -6.041797E-03
1.240000E+01  -4.722639E-01  -8.436143E-03   1.040716E+00  -1.606941E-02  -3.328356E-02  -1.198705E-03
1.245000E+01  -4.729939E-01  -1.383856E-02   1.039672E+00  -2.914190E-02  -3.318099E-02  -2.590790E-03
1.250000E+01  -4.736477E-01  -9.214878E-03   1.037802E+00  -3.480732E-02  -3.354264E-02  -9.963540E-03
1.255000E+01  -4.739153E-01  -4.309863E-03   1.036191E+00  -3.015935E-02  -3.417734E-02  -1.563277E-02
1.260000E+01  -4.740787E-01  -3.344119E-03   1.034786E+00  -2.406776E-02  -3.510592E-02  -1.708069E-02
1.265000E+01  -4.742498E-01  -3.581643E-03   1.033785E+00  -1.516223E-02  -3.588541E-02  -1.779487E-02
1.270000E+01  -4.744369E-01  -1.047209E-02   1.033270E+00  -1.638651E-02  -3.688541E-02  -1.185609E-02
1.275000E+01  -4.752970E-01  -9.053946E-03   1.032146E+00  -2.494037E-02  -3.707102E-02  -6.648973E-03
1.280000E+01  -4.753423E-01  -1.589954E-04   1.030776E+00  -2.884150E-02  -3.755030E-02  -1.225956E-02
1.285000E+01  -4.753129E-01  -2.017468E-03   1.029262E+00  -2.696216E-02  -3.829698E-02  -1.009053E-02
1.290000E+01  -4.755440E-01   1.161695E-03   1.028079E+00  -2.365053E-02  -3.855935E-02  -1.180684E-02
1.295000E+01  -4.751967E-01   1.594424E-03   1.026897E+00  -2.119422E-02  -3.947766E-02  -1.733964E-02
1.300000E+01  -4.753846E-01  -7.447898E-03   1.025960E+00  -2.077758E-02  -4.029332E-02  -1.628591E-02
1.305000E+01  -4.759415E-01  -5.052984E-03   1.024819E+00  -2.743185E-02  -4.110625E-02  -1.762209E-02
1.310000E+01  -4.758899E-01  -3.135055E-03   1.023217E+00  -2.763152E-02  -4.205553E-02  -1.617359E-02
1.315000E+01  -4.762550E-01  -4.152656E-03   1.022056E+00  -2.480268E-02  -4.272361E-02  -1.445649E-02
1.320000E+01  -4.763051E-01  -1.848489E-03   1.020736E+00  -2.446651E-02  -4.350118E-02  -1.208741E-02
1.325000E+01  -4.764398E-01  -3.911406E-03   1.019609E+00  -1.923323E-02  -4.393235E-02  -9.441413E-03
1.330000E+01  -4.766963E-01  -4.051179E-03   1.018813E+00  -1.424193E-02  -4.444532E-02  -1.719052E-02
1.335000E+01  -4.768450E-01  -5.088151E-03   1.018185E+00  -1.095593E-02  -4.565140E-02  -1.988130E-02
1.340000E+01  -4.772051E-01  -4.804134E-03   1.017718E+00  -9.548664E-03  -4.643345E-02  -1.470076E-02
1.345000E+01  -4.773254E-01  -4.750937E-03   1.017230E+00  -1.228541E-02  -4.712148E-02  -1.711901E-02
1.350000E+01  -4.776802E-01  -7.936209E-03   1.016489E+00  -1.624495E-02  -4.814535E-02  -2.129918E-02
1.355000E+01  -4.781190E-01  -6.076694E-03   1.015606E+00  -1.342952E-02  -4.925140E-02  -2.278572E-02
1.360000E+01  -4.782878E-01  -3.569424E-03   1.015146E+00  -7.988214E-03  -5.042392E-02  -1.694128E-02
1.365000E+01  -4.784759E-01  -5.482137E-03   1.014807E+00  -5.109012E-03  -5.094552E-02  -1.868622E-02
1.370000E+01  -4.788361E-01  -8.553416E-03   1.014635E+00  -4.346967E-03  -5.229255E-02  -2.925402E-02
1.375000E+01  -4.793313E-01  -8.932501E-03   1.014372E+00  -1.520216E-02  -5.387092E-02  -3.012119E-02
1.380000E+01  -4.797293E-01  -8.382797E-03   1.013115E+00  -2.616733E-02  -5.530467E-02  -2.873780E-02
1.385000E+01  -4.801695E-01  -4.779249E-03   1.011755E+00  -2.649218E-02  -5.674471E-02  -2.443507E-02
1.390000E+01  -4.802072E-01  -4.233420E-03   1.010466E+00  -2.620280E-02  -5.774817E-02  -1.915110E-02
1.395000E+01  -4.805929E-01  -5.785227E-03   1.009135E+00  -2.224535E-02  -5.865981E-02  -1.633676E-02
1.400000E+01  -4.807858E-01  -2.735555E-03   1.008241E+00  -1.688123E-02  -5.938185E-02  -1.823807E-02
1.405000E+01  -4.808664E-01  -6.015003E-03   1.007447E+00  -1.777083E-02  -6.048362E-02  -1.839736E-02
1.410000E+01  -4.813873E-01  -8.968413E-03   1.006464E+00  -1.845747E-02  -6.122158E-02  -1.627462E-02
1.415000E+01  -4.817633E-01  -7.113516E-03   1.005601E+00  -2.121300E-02  -6.211109E-02  -2.095833E-02
1.420000E+01  -4.820986E-01  -4.451424E-03   1.004343E+00  -2.452135E-02  -6.331742E-02  -1.925677E-02
1.425000E+01  -4.822084E-01  -3.843755E-03   1.003149E+00  -2.513200E-02  -6.403676E-02  -1.118399E-02
1.430000E+01  -4.824830E-01  -4.972219E-03   1.001830E+00  -1.797587E-02  -6.443582E-02  -9.008292E-03
1.435000E+01  -4.827057E-01  -3.364384E-03   1.001351E+00  -1.173675E-02  -6.493759E-02  -1.208737E-02
1.440000E+01  -4.828194E-01  -4.702657E-03   1.000656E+00  -1.396298E-02  -6.564455E-02  -1.802087E-02
1.445000E+01  -4.831759E-01  -5.071312E-03   9.999551E-01  -1.807839E-02  -6.673968E-02  -2.106253E-02
1.450000E+01  -4.833266E-01  -1.379102E-03   9.988481E-01  -2.250195E-02  -6.775081E-02  -1.516413E-02
1.455000E+01  -4.833138E-01  -1.416504E-03   9.977049E-01  -2.015978E-02  -6.825610E-02  -1.784556E-02
1.460000E+01  -4.834682E-01   9.723008E-04   9.968321E-01  -1.327634E-02  -6.953536E-02  -1.802392E-02
1.465000E+01  -4.832166E-01   1.384765E-03   9.963773E-01  -9.025037E-03  -7.005848E-02  -8.156635E-03
1.470000E+01  -4.833297E-01  -4.948974E-03   9.959297E-01  -1.058400E-02  -7.035103E-02  -1.411524E-02
1.475000E+01  -4.837115E-01  -1.806766E-03   9.953189E-01  -1.163691E-02  -7.147001E-02  -2.117690E-02
1.480000E+01  -4.835104E-01   2.071261E-04   9.947660E-01  -7.428229E-03  -7.246871E-02  -1.549695E-02
1.485000E+01  -4.836908E-01  -2.376586E-03   9.945761E-01  -5.725324E-03  -7.301970E-02  -1.086213E-02
1.490000E+01  -4.837481E-01   1.050383E-03   9.941934E-01  -3.230870E-03  -7.355493E-02  -1.351774E-02
1.495000E+01  -4.835857E-01   9.819865E-05   9.942530E-01  -2.960563E-03  -7.437147E-02  -1.718622E-02
1.500000E+01  -4.837382E-01   9.819865E-05   9.938974E-01  -2.960563E-03  -7.527355E-02  -1.718622E-02
