# problem = TPV10
# author = BradAagaard
# date = 2008-11-09
# code = EqSim
# code_version = 0.6.6
# element_size = 100m
# time_step =   5.000000E-02
# num_timesteps =      301
# location = 3.0 km off fault, 0.0 km along strike and -0.0 km depth
# Time series in 7 columns of E14.6:
# Column #1 = time (s)
# Column #2 = horizontal fault-parallel displacement (m)
# Column #3 = horizontal fault-parallel velocity (m/s)
# Column #4 = vertical displacement (m)
# Column #5 = vertical velocity (m/s)
# Column #6 = horizontal fault-normal displacement (m)
# Column #7 = horizontal fault-normal velocity (m/s)
#
# Data fields
#t h-disp h-vel v-disp v-vel n-disp n-vel
0.000000E+00   0.000000E+00   0.000000E+00  -0.000000E+00  -0.000000E+00  -0.000000E+00  -0.000000E+00
5.000000E-02   0.000000E+00   9.445247E-27  -0.000000E+00   8.287117E-27  -0.000000E+00   2.749165E-26
1.000000E-01   9.445248E-28   1.920492E-23   8.287118E-28   2.052044E-23   2.749165E-27   3.946752E-23
1.500000E-01   1.920492E-24  -5.082229E-22   2.052044E-24  -1.001182E-21   3.946752E-24   3.587824E-21
2.000000E-01  -5.082134E-23   2.381613E-20  -1.001174E-22   1.998652E-19   3.587851E-22  -3.763978E-19
2.500000E-01   2.383533E-21  -2.233578E-18   1.998857E-20  -1.854993E-19  -3.763583E-20   4.562729E-18
3.000000E-01  -2.234086E-19  -1.085742E-16  -1.865005E-20   8.037542E-15   4.566317E-19  -7.111331E-15
3.500000E-01  -1.085504E-17   1.375036E-14   8.037742E-16   4.654211E-13  -7.111708E-16  -4.741002E-13
4.000000E-01   1.374813E-15   2.368607E-13   4.654209E-14   4.122052E-12  -4.740957E-14  -5.376778E-12
4.500000E-01   2.367521E-14   1.112558E-12   4.130089E-13   4.261662E-12  -5.383890E-13  -1.531943E-11
5.000000E-01   1.126306E-13   1.529877E-12   4.727084E-13  -6.697773E-12  -1.579353E-12  -1.453279E-11
5.500000E-01   1.766629E-13  -4.414748E-12  -2.567684E-13   1.890483E-11  -1.991669E-12  -1.407214E-11
6.000000E-01  -3.288442E-13  -1.144411E-11   2.363191E-12   3.959937E-11  -2.986567E-12  -3.971993E-11
6.500000E-01  -9.677481E-13   4.618006E-12   3.703168E-12  -6.549411E-11  -5.963662E-12  -2.075030E-11
7.000000E-01   1.329564E-13   2.499055E-11  -4.186220E-12  -5.476190E-11  -5.061596E-12   4.079343E-11
7.500001E-01   1.531307E-12   1.998375E-11  -1.773022E-12   2.282589E-11  -1.884318E-12   4.081176E-11
8.000001E-01   2.131331E-12  -1.119599E-11  -1.903631E-12  -2.595421E-11  -9.804204E-13  -1.711411E-11
8.500000E-01   4.117081E-13  -2.695758E-11  -4.368443E-12  -4.774799E-11  -3.595729E-12  -7.838655E-11
9.000000E-01  -5.644271E-13   3.884194E-11  -6.678431E-12   1.297966E-10  -8.819076E-12   1.147938E-11
9.500000E-01   4.295902E-12   3.138490E-11   8.611219E-12   2.678833E-10  -2.447791E-12   1.600222E-10
1.000000E+00   2.574063E-12  -5.844376E-11   2.010990E-11  -1.398416E-11   7.183141E-12   8.653565E-11
1.050000E+00  -1.548474E-12  -2.610699E-11   7.212803E-12  -1.495300E-10   6.205775E-12  -6.448420E-11
1.100000E+00  -3.663649E-14   2.854328E-11   5.156894E-12  -1.033389E-10   7.347211E-13  -1.044906E-10
1.150000E+00   1.305853E-12  -6.714458E-11  -3.121092E-12  -1.042511E-10  -4.243287E-12   4.619628E-12
1.200000E+00  -6.751094E-12  -5.202141E-11  -5.268219E-12   7.373216E-11   1.196684E-12   5.240352E-11
1.250000E+00  -3.896288E-12  -4.298085E-12   4.252125E-12   1.596604E-10   9.970646E-13  -1.449627E-12
1.300000E+00  -7.180903E-12  -5.151901E-11   1.069782E-11  -4.037431E-11   1.051721E-12   1.001297E-11
1.350000E+00  -9.048189E-12  -2.662560E-11   2.146937E-13  -1.726633E-10   1.998362E-12   4.471144E-11
1.400000E+00  -9.843463E-12   5.259052E-11  -6.568508E-12   1.134167E-09   5.522866E-12   4.915405E-10
1.450000E+00  -3.789137E-12  -1.564789E-11   1.136314E-10   3.437909E-08   5.115241E-11   8.223582E-09
1.500000E+00  -1.140825E-11  -2.274255E-09   3.431341E-09   6.913192E-07   8.278811E-10   1.630493E-07
1.550000E+00  -2.312146E-10  -1.535640E-08   6.924555E-08   8.542031E-06   1.635609E-08   2.112640E-06
1.600000E+00  -1.547048E-09   6.277862E-08   8.576343E-07   6.440576E-05   2.120919E-07   1.742104E-05
1.650000E+00   6.046649E-09   9.974634E-07   6.509821E-06   2.959846E-04   1.758460E-06   9.103150E-05
1.700000E+00   9.819929E-08   2.659704E-06   3.045609E-05   8.434237E-04   9.315242E-06   3.048515E-04
1.750000E+00   2.720171E-07  -1.257074E-06   9.085219E-05   1.625609E-03   3.224361E-05   6.967909E-04
1.800000E+00  -2.750814E-08  -6.807792E-06   1.930170E-04   2.636781E-03   7.899433E-05   1.267207E-03
1.850000E+00  -4.087622E-07   7.559488E-06   3.545303E-04   4.362846E-03   1.589643E-04   2.173721E-03
1.900000E+00   7.284406E-07   1.488943E-05   6.293015E-04   7.382168E-03   2.963664E-04   3.732804E-03
1.950000E+00   1.080181E-06  -6.915266E-07   1.092747E-03   1.308308E-02   5.322447E-04   6.581969E-03
2.000000E+00   6.592879E-07   1.044760E-05   1.937610E-03   2.380809E-02   9.545633E-04   1.184261E-02
2.050000E+00   2.124941E-06   4.526878E-05   3.473556E-03   4.243087E-02   1.716505E-03   2.109342E-02
2.100000E+00   5.186166E-06   9.499249E-05   6.180696E-03   6.970296E-02   3.063905E-03   3.605873E-02
2.150000E+00   1.162419E-05   1.673804E-05   1.044385E-02   9.094229E-02   5.322379E-03   5.398771E-02
2.200000E+00   6.859970E-06  -2.298870E-04   1.527493E-02   8.471005E-02   8.462677E-03   6.548946E-02
2.250000E+00  -1.136451E-05   2.934366E-05   1.891486E-02   6.711113E-02   1.187132E-02   6.837056E-02
2.300000E+00   9.794337E-06   7.181565E-04   2.198604E-02   6.610449E-02   1.529973E-02   7.315251E-02
2.350000E+00   6.045113E-05   2.778199E-04   2.552531E-02   6.277671E-02   1.918657E-02   8.148260E-02
2.400000E+00   3.757633E-05  -4.238793E-04   2.826371E-02   5.446205E-02   2.344799E-02   8.853206E-02
2.450000E+00   1.806320E-05  -3.202822E-04   3.097151E-02   5.893920E-02   2.803978E-02   9.430820E-02
2.500000E+00   5.548111E-06   3.714156E-05   3.415763E-02   6.421003E-02   3.287881E-02   1.003372E-01
2.550000E+00   2.177736E-05   7.173518E-04   3.739251E-02   6.373715E-02   3.807350E-02   1.081806E-01
2.600000E+00   7.728329E-05   8.913757E-05   4.053134E-02   6.567003E-02   4.369687E-02   1.154101E-01
2.650000E+00   3.069111E-05  -1.362589E-04   4.395952E-02   7.476360E-02   4.961451E-02   1.241734E-01
2.700000E+00   6.365740E-05   5.875103E-04   4.800770E-02   8.059271E-02   5.611421E-02   1.352477E-01
2.750000E+00   8.944214E-05   5.944536E-05   5.201879E-02   8.702792E-02   6.313928E-02   1.444117E-01
2.800000E+00   6.960193E-05   6.274944E-05   5.671050E-02   9.641193E-02   7.055538E-02   1.526216E-01
2.850000E+00   9.571709E-05   4.971047E-04   6.165998E-02   1.051695E-01   7.840145E-02   1.634503E-01
2.900000E+00   1.193124E-04   4.341776E-04   6.722745E-02   1.195280E-01   8.690041E-02   1.756784E-01
2.950000E+00   1.391348E-04   2.313608E-04   7.361278E-02   1.314381E-01   9.596928E-02   1.861694E-01
3.000000E+00   1.424485E-04   2.728751E-04   8.037125E-02   1.422018E-01   1.055174E-01   1.949724E-01
3.050000E+00   1.664224E-04   6.689235E-04   8.783296E-02   1.600653E-01   1.154665E-01   2.049157E-01
3.100000E+00   2.093408E-04   7.192513E-04   9.637778E-02   1.822231E-01   1.260089E-01   2.135233E-01
3.150000E+00   2.383475E-04   8.419977E-04   1.060553E-01   2.025971E-01   1.368189E-01   2.082442E-01
3.200000E+00   2.935406E-04   5.386493E-05   1.166375E-01   2.337658E-01   1.468333E-01   1.619416E-01
3.250000E+00   2.437340E-04  -2.464934E-03   1.294318E-01   2.887341E-01   1.530130E-01   4.079655E-02
3.300000E+00   4.704716E-05  -3.528421E-03   1.455109E-01   3.532020E-01   1.509130E-01  -1.387904E-01
3.350000E+00  -1.091081E-04  -1.261380E-03   1.647520E-01   4.039621E-01   1.391340E-01  -2.739987E-01
3.400000E+00  -7.909082E-05   2.143701E-03   1.859071E-01   4.176427E-01   1.235131E-01  -2.820823E-01
3.450000E+00   1.052620E-04   4.108391E-03   2.065163E-01   3.911310E-01   1.109257E-01  -2.109511E-01
3.500000E+00   3.317483E-04   2.047576E-03   2.250202E-01   3.614175E-01   1.024180E-01  -1.486025E-01
3.550000E+00   3.100196E-04  -1.521401E-03   2.426580E-01   3.634796E-01   9.606549E-02  -1.119659E-01
3.600000E+00   1.796082E-04  -2.172161E-03   2.613682E-01   3.793342E-01   9.122141E-02  -8.207567E-02
3.650000E+00   9.280357E-05   6.303616E-04   2.805915E-01   3.885421E-01   8.785792E-02  -6.435499E-02
3.700000E+00   2.426444E-04   1.432993E-03   3.002224E-01   4.061438E-01   8.478592E-02  -6.424408E-02
3.750000E+00   2.361028E-04  -5.474117E-04   3.212059E-01   4.334229E-01   8.143352E-02  -6.930020E-02
3.800000E+00   1.879032E-04   2.674498E-04   3.435647E-01   4.557936E-01   7.785590E-02  -7.754737E-02
3.850000E+00   2.628478E-04   1.728113E-03   3.667852E-01   4.711242E-01   7.367878E-02  -9.361604E-02
3.900000E+00   3.607144E-04   1.207705E-03   3.906771E-01   4.860969E-01   6.849429E-02  -1.210131E-01
3.950000E+00   3.836184E-04   7.818134E-04   4.153949E-01   4.985414E-01   6.157747E-02  -1.565305E-01
4.000000E+00   4.388958E-04   1.210668E-03   4.405313E-01   5.037050E-01   5.284125E-02  -1.888617E-01
4.050000E+00   5.046852E-04  -7.565414E-04   4.657654E-01   4.996499E-01   4.269130E-02  -2.107683E-01
4.100000E+00   3.632416E-04  -2.588700E-03   4.904962E-01   4.827636E-01   3.176442E-02  -2.247586E-01
4.150000E+00   2.458152E-04  -2.350593E-04   5.140418E-01   4.643781E-01   2.021544E-02  -2.265824E-01
4.200000E+00   3.397357E-04   2.035270E-03   5.369340E-01   4.528756E-01   9.106179E-03  -2.144383E-01
4.250000E+00   4.493422E-04   6.425981E-04   5.593293E-01   4.397374E-01  -1.228399E-03  -2.023128E-01
4.300000E+00   4.039955E-04  -2.033709E-03   5.809078E-01   4.191315E-01  -1.112510E-02  -1.934747E-01
4.350000E+00   2.459713E-04  -1.285189E-03   6.012425E-01   3.987697E-01  -2.057587E-02  -1.852292E-01
4.400000E+00   2.754767E-04  -1.047986E-03   6.207848E-01   3.738555E-01  -2.964802E-02  -1.762516E-01
4.450000E+00   1.411726E-04  -2.468571E-03   6.386280E-01   3.441945E-01  -3.820103E-02  -1.669271E-01
4.500000E+00   2.861953E-05  -1.708415E-03   6.552042E-01   3.246129E-01  -4.634073E-02  -1.541694E-01
4.550000E+00  -2.966881E-05  -2.100710E-03   6.710893E-01   3.130433E-01  -5.361798E-02  -1.357630E-01
4.600000E+00  -1.814515E-04  -7.626542E-05   6.865085E-01   3.066003E-01  -5.991703E-02  -1.176318E-01
4.650000E+00  -3.729535E-05   2.721806E-03   7.017493E-01   3.110144E-01  -6.538115E-02  -9.390509E-02
4.700000E+00   9.072912E-05   1.673502E-03   7.176100E-01   3.293616E-01  -6.930754E-02  -6.417029E-02
4.750000E+00   1.300549E-04  -7.873070E-04   7.346855E-01   3.486601E-01  -7.179819E-02  -3.647488E-02
4.800000E+00   1.199843E-05  -1.112385E-03   7.524760E-01   3.612050E-01  -7.295503E-02  -1.326138E-02
4.850000E+00   1.881632E-05   1.430393E-03   7.708060E-01   3.635928E-01  -7.312433E-02   1.302622E-03
4.900000E+00   1.550377E-04   1.651595E-03   7.888353E-01   3.649938E-01  -7.282477E-02   1.497924E-02
4.950000E+00   1.839758E-04  -4.152294E-04   8.073054E-01   3.806153E-01  -7.162640E-02   2.900956E-02
5.000000E+00   1.135147E-04  -1.065715E-03   8.268968E-01   3.891233E-01  -6.992381E-02   3.747635E-02
5.050000E+00   7.740434E-05   6.129873E-04   8.462178E-01   3.804386E-01  -6.787877E-02   4.917633E-02
5.100000E+00   1.748135E-04   1.214618E-04   8.649406E-01   3.757405E-01  -6.500618E-02   5.731061E-02
5.150000E+00   8.955052E-05  -1.038565E-03   8.837918E-01   3.826532E-01  -6.214771E-02   4.817760E-02
5.200000E+00   7.095700E-05   1.482097E-03   9.032060E-01   3.872079E-01  -6.018842E-02   3.114751E-02
5.250000E+00   2.377603E-04   1.439439E-04   9.225125E-01   3.915092E-01  -5.903295E-02   2.374958E-02
5.300000E+00   8.535139E-05  -7.242553E-04   9.423569E-01   4.033849E-01  -5.781346E-02   1.914227E-02
5.350000E+00   1.653347E-04   2.151660E-04   9.628510E-01   4.131436E-01  -5.711873E-02   1.144527E-02
5.400000E+00   1.068680E-04  -1.745811E-03   9.836712E-01   4.238155E-01  -5.666894E-02   1.093829E-02
5.450000E+00  -9.246407E-06   2.131680E-03   1.005233E+00   4.392773E-01  -5.602490E-02   1.257112E-02
5.500000E+00   3.200360E-04   3.276264E-03   1.027599E+00   4.472002E-01  -5.541182E-02   1.627900E-02
5.550000E+00   3.183800E-04   2.499833E-04   1.049953E+00   4.483956E-01  -5.439700E-02   3.166623E-02
5.600000E+00   3.450343E-04  -1.598775E-03   1.072438E+00   4.493189E-01  -5.224520E-02   4.432540E-02
5.650000E+00   1.585025E-04  -1.370375E-03   1.094885E+00   4.410583E-01  -4.996446E-02   4.600542E-02
5.700000E+00   2.079968E-04   1.674866E-03   1.116544E+00   4.176795E-01  -4.764466E-02   5.156565E-02
5.750000E+00   3.259890E-04   2.618051E-03   1.136652E+00   3.930342E-01  -4.480789E-02   6.083670E-02
5.800000E+00   4.698019E-04  -3.934657E-04   1.155848E+00   3.732455E-01  -4.156099E-02   6.996565E-02
5.850000E+00   2.866425E-04  -3.291220E-03   1.173977E+00   3.481555E-01  -3.781133E-02   7.847066E-02
5.900000E+00   1.406799E-04  -1.499445E-03   1.190663E+00   3.240538E-01  -3.371392E-02   7.954296E-02
5.950000E+00   1.366979E-04   6.696925E-04   1.206382E+00   3.039849E-01  -2.985703E-02   7.264128E-02
6.000000E+00   2.076492E-04  -2.107966E-03   1.221062E+00   2.868402E-01  -2.644979E-02   6.722811E-02
6.050000E+00  -7.409869E-05  -1.687377E-03   1.235066E+00   2.749085E-01  -2.313422E-02   6.253548E-02
6.100000E+00   3.891151E-05   1.293160E-03   1.248553E+00   2.636957E-01  -2.019625E-02   5.457528E-02
6.150000E+00   5.521735E-05  -1.837567E-03   1.261436E+00   2.538103E-01  -1.767669E-02   4.645555E-02
6.200000E+00  -1.448452E-04  -4.822265E-04   1.273934E+00   2.427393E-01  -1.555069E-02   4.337491E-02
6.250000E+00   6.994695E-06   2.172409E-03   1.285710E+00   2.294773E-01  -1.333920E-02   4.609058E-02
6.300000E+00   7.239567E-05   2.312913E-03   1.296881E+00   2.263695E-01  -1.094163E-02   4.646039E-02
6.350000E+00   2.382860E-04   1.010813E-03   1.308347E+00   2.255309E-01  -8.693161E-03   4.238616E-02
6.400001E+00   1.734769E-04  -8.874350E-04   1.319435E+00   2.240729E-01  -6.703018E-03   3.595959E-02
6.450000E+00   1.495425E-04  -1.756434E-05   1.330754E+00   2.261019E-01  -5.097202E-03   3.348253E-02
6.500000E+00   1.717205E-04   6.262914E-04   1.342045E+00   2.180666E-01  -3.354765E-03   2.884619E-02
6.550000E+00   2.121716E-04  -1.158929E-03   1.352561E+00   2.113158E-01  -2.212583E-03   2.155730E-02
6.600000E+00   5.582757E-05  -5.981085E-04   1.363176E+00   2.136338E-01  -1.199035E-03   2.284145E-02
6.650001E+00   1.523607E-04   2.257751E-03   1.373924E+00   2.156007E-01   7.156143E-05   3.071892E-02
6.700000E+00   2.816026E-04   1.130438E-03   1.384736E+00   2.123064E-01   1.872858E-03   3.663200E-02
6.750000E+00   2.654045E-04  -8.172556E-04   1.395155E+00   2.044362E-01   3.734761E-03   3.517267E-02
6.800000E+00   1.998771E-04  -1.527245E-03   1.405180E+00   1.988262E-01   5.390124E-03   3.395438E-02
6.850000E+00   1.126800E-04  -3.310326E-03   1.415037E+00   1.916015E-01   7.130200E-03   2.993098E-02
6.900001E+00  -1.311555E-04  -7.306113E-04   1.424340E+00   1.811695E-01   8.383223E-03   2.782477E-02
6.950000E+00   3.961887E-05   4.550131E-03   1.433154E+00   1.742703E-01   9.912677E-03   3.471511E-02
7.000000E+00   3.238576E-04   1.108134E-03   1.441767E+00   1.750553E-01   1.185473E-02   3.928636E-02
7.050000E+00   1.504323E-04  -3.270060E-03   1.450660E+00   1.735020E-01   1.384131E-02   3.242550E-02
7.100000E+00  -3.148365E-06  -1.515626E-03   1.459117E+00   1.625979E-01   1.509728E-02   1.996036E-02
7.150001E+00  -1.130371E-06   2.233309E-03   1.466920E+00   1.494300E-01   1.583735E-02   1.874909E-02
7.200000E+00   2.201825E-04   2.429234E-03   1.474060E+00   1.487607E-01   1.697219E-02   2.958169E-02
7.250000E+00   2.417930E-04  -7.583658E-04   1.481796E+00   1.574504E-01   1.879552E-02   3.171027E-02
7.300000E+00   1.443459E-04  -4.406999E-03   1.489805E+00   1.599747E-01   2.014322E-02   2.295009E-02
7.350000E+00  -1.989069E-04  -2.474486E-03   1.497793E+00   1.556009E-01   2.109053E-02   1.638306E-02
7.400001E+00  -1.031027E-04   4.735436E-03   1.505365E+00   1.521522E-01   2.178153E-02   1.632811E-02
7.450000E+00   2.746367E-04   3.296844E-03   1.513008E+00   1.512706E-01   2.272334E-02   2.249249E-02
7.500000E+00   2.265818E-04  -1.280068E-03   1.520493E+00   1.470226E-01   2.403077E-02   2.349722E-02
7.550000E+00   1.466299E-04  -7.668166E-04   1.527711E+00   1.452452E-01   2.507306E-02   1.423815E-02
7.600000E+00   1.499001E-04  -1.824285E-03   1.535017E+00   1.457244E-01   2.545459E-02   9.884471E-03
7.650001E+00  -3.579867E-05  -1.042122E-03   1.542283E+00   1.410943E-01   2.606151E-02   1.051400E-02
7.700000E+00   4.568790E-05   2.961117E-03   1.549127E+00   1.426119E-01   2.650599E-02   7.863836E-03
7.750000E+00   2.603130E-04   3.162417E-04   1.556544E+00   1.405007E-01   2.684789E-02   1.744802E-02
7.800000E+00   7.731207E-05  -2.489914E-03   1.563177E+00   1.320010E-01   2.825079E-02   2.094522E-02
7.850000E+00   1.132167E-05  -1.796211E-03   1.569744E+00   1.324362E-01   2.894241E-02   8.965102E-03
7.900001E+00  -1.023090E-04  -3.516208E-06   1.576420E+00   1.344496E-01   2.914730E-02   3.603175E-03
7.950000E+00   1.097005E-05  -9.068013E-04   1.583189E+00   1.360989E-01   2.930273E-02   2.977485E-03
8.000000E+00  -1.929892E-04  -3.490887E-04   1.590030E+00   1.329762E-01   2.944505E-02   5.009584E-03
8.050000E+00  -2.393881E-05   1.232404E-03   1.596487E+00   1.240605E-01   2.980369E-02   6.766198E-03
8.100000E+00  -6.974881E-05   2.155263E-03   1.602436E+00   1.146215E-01   3.012167E-02   3.685700E-03
8.150001E+00   1.915874E-04   2.170126E-03   1.607949E+00   1.134247E-01   3.017226E-02   1.342180E-03
8.200001E+00   1.472638E-04  -1.255234E-03   1.613779E+00   1.168019E-01   3.025589E-02   2.302504E-03
8.250000E+00   6.606408E-05  -7.424504E-04   1.619629E+00   1.168972E-01   3.040251E-02   6.057029E-03
8.300000E+00   7.301880E-05   1.285872E-04   1.625468E+00   1.141292E-01   3.086159E-02   8.387766E-03
8.350000E+00   7.892281E-05  -1.337291E-03   1.631042E+00   1.075602E-01   3.124128E-02   3.521508E-03
8.400001E+00  -6.071032E-05   8.872446E-04   1.636224E+00   1.023883E-01   3.121374E-02   5.080365E-04
8.450001E+00   1.676473E-04   1.534636E-03   1.641281E+00   1.030016E-01   3.129209E-02  -2.596267E-03
8.500000E+00   9.275329E-05   9.737199E-05   1.646524E+00   1.058102E-01   3.095412E-02  -2.091983E-03
8.550000E+00   1.773845E-04  -2.003640E-03   1.651862E+00   1.088017E-01   3.108289E-02   3.853859E-03
8.600000E+00  -1.076107E-04  -1.875721E-03   1.657405E+00   1.050729E-01   3.133950E-02   1.093363E-03
8.650001E+00  -1.018767E-05   2.456484E-03   1.662369E+00   1.017714E-01   3.119223E-02  -7.485617E-03
8.700001E+00   1.380376E-04  -1.830312E-04   1.667582E+00   9.790659E-02   3.059094E-02  -1.450725E-02
8.750000E+00  -2.849079E-05  -7.356738E-04   1.672160E+00   8.648992E-02   2.974150E-02  -1.586631E-02
8.800000E+00   6.447027E-05   1.803577E-03   1.676231E+00   8.541226E-02   2.900431E-02  -7.720343E-03
8.850000E+00   1.518669E-04  -4.906618E-04   1.680701E+00   9.014547E-02   2.896947E-02   5.738810E-04
8.900001E+00   1.540409E-05  -3.308698E-03   1.685245E+00   8.590758E-02   2.906170E-02  -2.556182E-03
8.950001E+00  -1.790029E-04  -3.264311E-03   1.689292E+00   8.643806E-02   2.871385E-02  -1.040271E-02
9.000000E+00  -3.110270E-04   1.674060E-03   1.693889E+00   8.803785E-02   2.802143E-02  -1.305845E-02
9.050000E+00  -1.159687E-05   1.461754E-03   1.698096E+00   8.733988E-02   2.740800E-02  -7.077684E-03
9.100000E+00  -1.648516E-04  -7.243319E-04   1.702623E+00   8.614719E-02   2.731366E-02   2.400940E-03
9.150001E+00  -8.403003E-05   6.022649E-04   1.706711E+00   8.530796E-02   2.764810E-02   4.246924E-04
9.200001E+00  -1.046251E-04  -2.631820E-03   1.711154E+00   8.853674E-02   2.735613E-02  -9.286902E-03
9.250001E+00  -3.472121E-04  -2.529983E-04   1.715564E+00   8.342743E-02   2.671941E-02  -9.071063E-03
9.300000E+00  -1.299249E-04   7.019980E-03   1.719497E+00   7.664740E-02   2.644902E-02  -4.646303E-03
9.350000E+00   3.547860E-04   3.072555E-03   1.723229E+00   7.644773E-02   2.625478E-02  -5.489658E-03
9.400001E+00   1.773306E-04  -2.516301E-03   1.727141E+00   7.098794E-02   2.590005E-02  -7.726625E-03
9.450001E+00   1.031558E-04  -8.371864E-04   1.730328E+00   7.028997E-02   2.548211E-02  -6.203395E-03
9.500001E+00   9.361195E-05  -3.718325E-04   1.734170E+00   7.685900E-02   2.527972E-02  -2.051708E-03
9.550000E+00   6.597260E-05  -9.938309E-04   1.738014E+00   7.546484E-02   2.527694E-02  -6.194911E-03
9.600000E+00  -5.771137E-06  -1.844559E-03   1.741717E+00   7.778347E-02   2.466022E-02  -1.106025E-02
9.650001E+00  -1.184833E-04   1.123379E-03   1.745792E+00   7.317245E-02   2.417092E-02  -8.973582E-03
9.700001E+00   1.065668E-04   2.499176E-03   1.749034E+00   6.400228E-02   2.376287E-02  -3.873594E-03
9.750001E+00   1.314342E-04  -1.654259E-03   1.752192E+00   6.257653E-02   2.378356E-02  -2.518934E-03
9.800000E+00  -5.885916E-05  -3.828514E-03   1.755292E+00   6.612182E-02   2.351097E-02  -1.118530E-02
9.850000E+00  -2.514172E-04  -1.540898E-03   1.758804E+00   6.452203E-02   2.266503E-02  -1.261622E-02
9.900001E+00  -2.129489E-04   3.027625E-05   1.761744E+00   5.787075E-02   2.224935E-02  -7.691069E-03
9.950001E+00  -2.483896E-04   1.091521E-03   1.764591E+00   5.658329E-02   2.189592E-02  -3.881201E-03
1.000000E+01  -1.037968E-04  -1.537567E-03   1.767402E+00   5.233526E-02   2.186123E-02   1.509909E-03
1.005000E+01  -4.021463E-04  -1.003282E-03   1.769825E+00   5.329192E-02   2.204691E-02   1.796910E-03
1.010000E+01  -2.041250E-04   2.343928E-03   1.772732E+00   6.087005E-02   2.204092E-02  -5.933312E-03
1.015000E+01  -1.677534E-04   2.448553E-03   1.775912E+00   6.149292E-02   2.145358E-02  -5.814980E-03
1.020000E+01   4.073033E-05   5.400144E-03   1.778881E+00   5.611360E-02   2.145942E-02   6.137420E-03
1.025000E+01   3.722609E-04   3.232914E-03   1.781523E+00   5.119085E-02   2.206733E-02   6.917133E-03
1.030000E+01   3.640217E-04  -2.481144E-03   1.784000E+00   4.918456E-02   2.215114E-02  -8.939137E-04
1.035000E+01   1.241465E-04  -3.034271E-03   1.786442E+00   4.999757E-02   2.197793E-02  -7.118089E-03
1.040000E+01   6.059463E-05   1.543331E-03   1.789000E+00   5.094409E-02   2.143933E-02  -8.478621E-03
1.045000E+01   2.784797E-04   6.711428E-04   1.791536E+00   5.168855E-02   2.113007E-02  -3.694182E-03
1.050000E+01   1.277089E-04  -5.863073E-04   1.794168E+00   4.771352E-02   2.106991E-02  -1.128239E-03
1.055000E+01   2.198489E-04  -1.690832E-03   1.796308E+00   4.281819E-02   2.101725E-02  -6.216080E-03
1.060000E+01  -4.137430E-05  -4.935498E-03   1.798450E+00   4.429162E-02   2.044830E-02  -1.452828E-02
1.065000E+01  -2.737009E-04  -2.169762E-03   1.800737E+00   4.104793E-02   1.956442E-02  -1.444006E-02
1.070000E+01  -2.583505E-04   7.961596E-04   1.802555E+00   4.037321E-02   1.900430E-02  -9.498077E-03
1.075000E+01  -1.940849E-04   8.675986E-04   1.804774E+00   4.317760E-02   1.861461E-02  -1.331415E-02
1.080000E+01  -1.715906E-04  -1.177122E-03   1.806873E+00   4.031122E-02   1.767288E-02  -1.796649E-02
1.085000E+01  -3.117970E-04  -1.470378E-04   1.808805E+00   4.285514E-02   1.681796E-02  -1.795001E-02
1.090000E+01  -1.862944E-04  -6.066316E-04   1.811158E+00   4.052877E-02   1.587788E-02  -1.671147E-02
1.095000E+01  -3.724602E-04   2.977366E-03   1.812858E+00   3.192902E-02   1.514682E-02  -8.301671E-03
1.100000E+01   1.114422E-04   5.081968E-03   1.814351E+00   3.236115E-02   1.504771E-02  -8.079838E-03
1.105000E+01   1.357367E-04   1.784548E-03   1.816094E+00   3.262222E-02   1.433883E-02  -1.981706E-02
1.110000E+01   2.898969E-04   1.680821E-03   1.817614E+00   2.759933E-02   1.306601E-02  -2.674891E-02
1.115000E+01   3.038188E-04  -2.690392E-04   1.818854E+00   3.194869E-02   1.166394E-02  -2.741421E-02
1.120000E+01   2.629930E-04  -3.810825E-03   1.820808E+00   3.827214E-02   1.032459E-02  -2.692878E-02
1.125000E+01  -7.726377E-05  -2.607470E-03   1.822681E+00   4.158199E-02   8.971062E-03  -3.049500E-02
1.130000E+01   2.245950E-06   5.464021E-04   1.824967E+00   4.273772E-02   7.275087E-03  -3.312111E-02
1.135000E+01  -2.262356E-05   1.433389E-04   1.826955E+00   3.827214E-02   5.658952E-03  -2.989230E-02
1.140000E+01   1.657984E-05  -8.369318E-04   1.828794E+00   4.655957E-02   4.285857E-03  -2.734843E-02
1.145000E+01  -1.063167E-04  -1.112814E-03   1.831611E+00   4.992843E-02   2.924108E-03  -2.374409E-02
1.150000E+01  -9.470160E-05  -2.038151E-03   1.833787E+00   4.711747E-02   1.911447E-03  -3.075291E-02
1.155000E+01  -3.101318E-04   1.732930E-03   1.836323E+00   5.313396E-02  -1.511830E-04  -4.092459E-02
1.160000E+01   7.859134E-05   4.604793E-03   1.839100E+00   5.436718E-02  -2.181012E-03  -3.276947E-02
1.165000E+01   1.503474E-04  -7.592607E-05   1.841760E+00   4.813492E-02  -3.428130E-03  -3.148447E-02
1.170000E+01   7.099873E-05  -6.669235E-04   1.843914E+00   4.645944E-02  -5.329460E-03  -3.901087E-02
1.175000E+01   8.365507E-05  -4.015040E-03   1.846406E+00   4.681349E-02  -7.329218E-03  -3.916851E-02
1.180000E+01  -3.305053E-04  -4.961281E-03   1.848595E+00   4.852355E-02  -9.246311E-03  -3.699496E-02
1.185000E+01  -4.124730E-04  -2.986481E-04   1.851258E+00   5.663633E-02  -1.102871E-02  -3.699286E-02
1.190000E+01  -3.603701E-04   2.889449E-03   1.854259E+00   6.210923E-02  -1.294560E-02  -3.618274E-02
1.195000E+01  -1.235281E-04   6.385467E-04   1.857469E+00   5.953431E-02  -1.464699E-02  -3.764650E-02
1.200000E+01  -2.965154E-04  -2.113159E-03   1.860212E+00   5.694807E-02  -1.671025E-02  -4.493161E-02
1.205000E+01  -3.348440E-04   1.902521E-03   1.863164E+00   6.256640E-02  -1.914015E-02  -4.049406E-02
1.210000E+01  -1.062633E-04   1.471961E-03   1.866469E+00   7.012308E-02  -2.075965E-02  -3.263567E-02
1.215000E+01  -1.876479E-04   4.705364E-04   1.870176E+00   7.884383E-02  -2.240372E-02  -3.401367E-02
1.220000E+01  -5.920967E-05   1.270187E-03   1.874353E+00   8.371234E-02  -2.416102E-02  -3.976254E-02
1.225000E+01  -6.062919E-05  -5.376298E-04   1.878547E+00   8.468390E-02  -2.637997E-02  -4.507390E-02
1.230000E+01  -1.129727E-04   7.431384E-04   1.882821E+00   9.701312E-02  -2.866841E-02  -4.254851E-02
1.235000E+01   1.368466E-05  -1.262105E-03   1.888248E+00   1.129615E-01  -3.063482E-02  -3.312489E-02
1.240000E+01  -2.391831E-04  -1.738503E-03   1.894118E+00   1.070368E-01  -3.198090E-02  -1.976240E-02
1.245000E+01  -1.601657E-04   1.870795E-03   1.898952E+00   7.870853E-02  -3.261106E-02  -1.522798E-02
1.250000E+01  -5.210361E-05   4.075837E-04   1.901988E+00   3.849864E-02  -3.350370E-02  -2.554909E-02
1.255000E+01  -1.194073E-04   3.507249E-04   1.902802E+00   1.386046E-02  -3.516597E-02  -2.902037E-02
1.260000E+01  -1.703113E-05   1.647981E-03   1.903374E+00   2.423823E-02  -3.640573E-02  -1.862580E-02
1.265000E+01   4.539083E-05   6.640506E-04   1.905226E+00   3.173828E-02  -3.702855E-02  -1.960791E-02
1.270000E+01   4.937393E-05  -8.648812E-05   1.906548E+00   2.682507E-02  -3.836653E-02  -1.877072E-02
1.275000E+01   3.674201E-05  -1.158472E-03   1.907908E+00   9.522438E-03  -3.890562E-02   3.682794E-03
1.280000E+01  -6.647323E-05   7.736561E-04   1.907501E+00  -2.544403E-02  -3.799824E-02   2.078843E-02
1.285000E+01   1.141076E-04   3.963875E-03   1.905364E+00  -5.816996E-02  -3.682678E-02   2.244237E-02
1.290000E+01   3.299143E-04   7.275100E-04   1.901684E+00  -9.465635E-02  -3.575401E-02   1.858019E-02
1.295000E+01   1.868586E-04   1.951037E-03   1.895898E+00  -1.289445E-01  -3.496876E-02   1.344011E-02
1.300000E+01   5.250179E-04   4.610896E-03   1.888789E+00  -1.442313E-01  -3.441000E-02   8.845963E-03
1.305000E+01   6.479482E-04   2.711632E-03   1.881475E+00  -1.519692E-01  -3.408416E-02   5.464703E-03
1.310000E+01   7.961811E-04   1.835900E-03   1.873592E+00  -1.582885E-01  -3.386353E-02   6.869165E-03
1.315000E+01   8.315383E-04   1.887762E-04   1.865646E+00  -1.574016E-01  -3.339725E-02   7.004961E-03
1.320000E+01   8.150588E-04   3.774595E-03   1.857852E+00  -1.610655E-01  -3.316303E-02  -2.123704E-03
1.325000E+01   1.208998E-03   2.550085E-03   1.849540E+00  -1.554990E-01  -3.360962E-02  -5.108276E-03
1.330000E+01   1.070067E-03  -1.127727E-03   1.842302E+00  -1.466566E-01  -3.367386E-02   1.121759E-03
1.335000E+01   1.096225E-03   2.297562E-03   1.834874E+00  -1.507795E-01  -3.349744E-02  -1.048399E-03
1.340000E+01   1.299823E-03   1.404705E-03   1.827224E+00  -1.444435E-01  -3.377870E-02  -6.396500E-03
1.345000E+01   1.236696E-03  -2.863259E-03   1.820430E+00  -1.301467E-01  -3.413709E-02  -7.143049E-03
1.350000E+01   1.013498E-03  -1.970874E-03   1.814209E+00  -1.232207E-01  -3.449300E-02  -3.854493E-03
1.355000E+01   1.039608E-03   2.022407E-03   1.808108E+00  -1.099461E-01  -3.452254E-02   3.985614E-03
1.360000E+01   1.215738E-03   8.464974E-04   1.803215E+00  -1.004457E-01  -3.409444E-02   1.363568E-03
1.365000E+01   1.124258E-03  -5.605214E-04   1.798063E+00  -9.558141E-02  -3.438618E-02  -6.101029E-03
1.370000E+01   1.159686E-03   7.736747E-04   1.793657E+00  -8.564711E-02  -3.470454E-02  -5.740561E-03
1.375000E+01   1.201625E-03   4.547802E-03   1.789498E+00  -8.009076E-02  -3.496024E-02  -1.742886E-03
1.380000E+01   1.614466E-03   3.260484E-03   1.785648E+00  -7.483244E-02  -3.487884E-02   6.464105E-03
1.385000E+01   1.527674E-03  -2.285060E-03   1.782015E+00  -7.293224E-02  -3.431383E-02   1.017181E-02
1.390000E+01   1.385960E-03  -7.068267E-04   1.778354E+00  -7.613242E-02  -3.386165E-02   5.446235E-03
1.395000E+01   1.456991E-03   2.128195E-03   1.774402E+00  -7.138252E-02  -3.376921E-02   2.609817E-03
1.400000E+01   1.598780E-03   4.261780E-03   1.771216E+00  -5.888760E-02  -3.360067E-02   4.239492E-03
1.405000E+01   1.883169E-03   1.557002E-03   1.768513E+00  -4.896820E-02  -3.334526E-02   2.786489E-03
1.410000E+01   1.754480E-03  -5.798409E-04   1.766319E+00  -4.424751E-02  -3.332202E-02  -1.498228E-03
1.415000E+01   1.825185E-03   4.012334E-03   1.764088E+00  -4.464984E-02  -3.349508E-02  -5.540801E-03
1.420000E+01   2.155714E-03   2.030633E-03   1.761854E+00  -4.172444E-02  -3.387610E-02  -5.152021E-03
1.425000E+01   2.028249E-03  -1.895946E-03   1.759916E+00  -3.980637E-02  -3.401028E-02  -5.223956E-03
1.430000E+01   1.966119E-03  -8.804706E-04   1.757874E+00  -4.103124E-02  -3.439850E-02  -6.792499E-03
1.435000E+01   1.940201E-03  -1.258813E-03   1.755813E+00  -3.922343E-02  -3.468953E-02  -6.880490E-03
1.440000E+01   1.840238E-03  -9.989884E-04   1.753951E+00  -3.585756E-02  -3.508655E-02  -1.146592E-02
1.445000E+01   1.840302E-03   4.362129E-04   1.752227E+00  -2.769709E-02  -3.583612E-02  -1.629547E-02
1.450000E+01   1.883859E-03   8.697563E-05   1.751182E+00  -2.188087E-02  -3.671609E-02  -1.408402E-02
1.455000E+01   1.849000E-03  -2.241255E-03   1.750039E+00  -2.368033E-02  -3.724452E-02  -1.253868E-02
1.460000E+01   1.659733E-03  -2.181838E-03   1.748814E+00  -2.177894E-02  -3.796996E-02  -1.067798E-02
1.465000E+01   1.630816E-03   2.087817E-03   1.747861E+00  -1.787543E-02  -3.831232E-02  -1.482185E-02
1.470000E+01   1.868515E-03   4.378501E-04   1.747026E+00  -9.659529E-03  -3.945215E-02  -2.092546E-02
1.475000E+01   1.674601E-03  -1.022501E-03   1.746895E+00  -3.540516E-03  -4.040487E-02  -1.666185E-02
1.480000E+01   1.766265E-03   7.395667E-04   1.746672E+00  -6.186962E-03  -4.111833E-02  -1.004838E-02
1.485000E+01   1.748558E-03  -2.525200E-04   1.746276E+00  -9.231567E-03  -4.140971E-02  -8.847043E-03
1.490000E+01   1.741013E-03   2.282753E-04   1.745749E+00  -1.568973E-02  -4.200304E-02  -1.518884E-02
1.495000E+01   1.771386E-03   2.399668E-03   1.744707E+00  -2.267599E-02  -4.292859E-02  -1.634718E-02
1.500000E+01   1.980980E-03   2.399668E-03   1.743481E+00  -2.267599E-02  -4.363775E-02  -1.634718E-02
