# problem = TPV10
# author = BradAagaard
# date = 2008-11-09
# code = EqSim
# code_version = 0.6.6
# element_size = 100m
# time_step =   5.000000E-02
# num_timesteps =      301
# location = -1.0 km off fault, 0.0 km along strike and -0.0 km depth
# Time series in 7 columns of E14.6:
# Column #1 = time (s)
# Column #2 = horizontal fault-parallel displacement (m)
# Column #3 = horizontal fault-parallel velocity (m/s)
# Column #4 = vertical displacement (m)
# Column #5 = vertical velocity (m/s)
# Column #6 = horizontal fault-normal displacement (m)
# Column #7 = horizontal fault-normal velocity (m/s)
#
# Data fields
# t h-disp h-vel v-disp v-vel n-disp n-vel
0.000000E+00   0.000000E+00  -3.373984E-20  -0.000000E+00   3.231250E-19  -0.000000E+00   1.468418E-18
5.000000E-02  -3.373984E-21   1.606937E-16   3.231250E-20   1.512574E-15   1.468418E-19   5.420822E-15
1.000000E-01   1.606937E-17   6.349764E-14   1.512574E-16   2.801117E-13   5.420822E-16   1.473377E-12
1.500000E-01   6.349761E-15  -1.249524E-13   2.801120E-14   5.946098E-13   1.473379E-13   8.926006E-12
2.000000E-01  -1.247917E-14  -1.727502E-12   5.961224E-14  -2.116279E-12   8.931427E-13   1.598962E-11
2.500000E-01  -1.664005E-13  -1.530807E-12  -1.836167E-13  -5.137526E-12   1.746300E-12   5.864398E-12
3.000000E-01  -1.655598E-13   2.442852E-12  -4.541404E-13   9.812755E-12   1.479583E-12   1.167640E-11
3.500000E-01   7.788476E-14  -1.864063E-12   7.976589E-13  -3.843093E-12   2.913941E-12  -6.820335E-12
4.000000E-01  -3.519661E-13  -2.418495E-12  -8.384497E-13  -5.461542E-12   7.975489E-13   5.726094E-12
4.500000E-01  -1.639647E-13  -1.128518E-11   2.515047E-13   6.876783E-12   3.486550E-12   8.841005E-13
5.000000E-01  -1.480485E-12  -1.954842E-12  -1.507715E-13  -7.670791E-12   8.859589E-13   1.540403E-12
5.500000E-01  -3.594489E-13  -2.964382E-14  -5.155745E-13  -3.160529E-11   3.640590E-12   3.699779E-11
6.000000E-01  -1.483449E-12   1.862601E-12  -3.311301E-12   1.068981E-11   4.585738E-12   3.688514E-11
6.500000E-01  -1.731888E-13   1.913986E-11   5.534067E-13   1.157690E-12   7.329104E-12   4.026052E-12
7.000000E-01   4.305367E-13   1.655166E-11  -3.195532E-12  -2.205957E-11   4.988344E-12  -5.693131E-11
7.500001E-01   1.481978E-12   2.132857E-11  -1.652550E-12   4.631572E-11   1.635974E-12  -5.274937E-11
8.000001E-01   2.563393E-12   2.949709E-11   1.436040E-12   6.398421E-11  -2.865929E-13   3.407948E-11
8.500000E-01   4.431687E-12  -1.832675E-11   4.745870E-12   4.406679E-11   5.043922E-12   7.327109E-11
9.000000E-01   7.307178E-13  -4.376829E-12   5.842720E-12  -5.345412E-12   7.040517E-12   1.270046E-10
9.500000E-01   3.994004E-12   5.318519E-12   4.211329E-12  -2.540618E-12   1.774438E-11   1.126240E-10
1.000000E+00   1.262570E-12  -4.471393E-11   5.588658E-12   4.192808E-11   1.830291E-11   2.470079E-11
1.050000E+00  -4.773899E-13  -6.123328E-12   8.404137E-12   2.522928E-11   2.021446E-11  -3.872824E-11
1.100000E+00   6.502371E-13  -5.770335E-12   8.111587E-12   1.421021E-11   1.443009E-11  -5.719559E-11
1.150000E+00  -1.054423E-12  -4.141729E-11   9.825158E-12  -3.213243E-11   1.449490E-11  -1.091544E-10
1.200000E+00  -3.491492E-12   2.400973E-11   4.898344E-12  -4.354678E-11   3.514650E-12  -1.575696E-10
1.250000E+00   1.346550E-12   1.716481E-11   5.470480E-12  -7.930888E-12  -1.262059E-12   2.085811E-12
1.300000E+00  -1.775011E-12  -1.359223E-11   4.105256E-12   3.813647E-11   3.723231E-12   1.716866E-10
1.350000E+00  -1.267346E-14  -2.869677E-11   9.284127E-12  -1.397854E-11   1.590660E-11   1.293963E-10
1.400000E+00  -4.644689E-12  -5.034431E-11   2.707402E-12  -1.302426E-10   1.666287E-11   3.214078E-11
1.450000E+00  -5.047104E-12  -1.395972E-11  -3.740128E-12  -6.750511E-11   1.912068E-11  -2.986550E-11
1.500000E+00  -6.040661E-12   3.928526E-11  -4.043110E-12   8.634447E-12   1.367632E-11  -1.512803E-10
1.550000E+00  -1.118579E-12   4.791431E-11  -2.876684E-12   8.798191E-11   3.992649E-12  -1.389917E-10
1.600000E+00  -1.249230E-12   3.488870E-11   4.755081E-12   3.841608E-11  -2.228547E-13  -2.439073E-12
1.650000E+00   2.370291E-12   2.614560E-11   9.649240E-13  -1.037577E-10   3.748742E-12   1.194862E-10
1.700000E+00   1.365331E-12  -3.379831E-11  -5.620687E-12  -1.751458E-09   1.172577E-11  -7.117538E-10
1.750000E+00  -1.009540E-12   7.277087E-11  -1.741809E-10  -3.441896E-08  -6.742664E-11  -1.650382E-08
1.800000E+00   8.642418E-12  -3.638325E-10  -3.447516E-09  -4.483370E-07  -1.638656E-09  -2.147974E-07
1.850000E+00  -3.739279E-11  -1.097867E-08  -4.500788E-08  -3.881760E-06  -2.154716E-08  -1.811929E-06
1.900000E+00  -1.089224E-09  -7.120925E-08  -3.916235E-07  -2.224837E-05  -1.828315E-07  -9.800329E-06
1.950000E+00  -7.158317E-09  -1.865091E-07  -2.269845E-06  -8.535078E-05  -1.001580E-06  -3.374048E-05
2.000000E+00  -1.974013E-08  -1.625456E-07  -8.926701E-06  -2.269902E-04  -3.556880E-06  -7.416232E-05
2.050000E+00  -2.341288E-08   2.576188E-08  -2.496887E-05  -4.551785E-04  -8.417812E-06  -1.088731E-04
2.100000E+00  -1.716394E-08   4.484621E-07  -5.444455E-05  -7.962409E-04  -1.444419E-05  -1.277730E-04
2.150000E+00   2.143333E-08   1.659503E-06  -1.045930E-04  -1.382073E-03  -2.119511E-05  -1.695402E-04
2.200000E+00   1.487864E-07   6.031322E-07  -1.926519E-04  -2.418926E-03  -3.139821E-05  -2.748722E-04
2.250000E+00   8.174653E-08  -4.345882E-06  -3.464855E-04  -4.227967E-03  -4.868233E-05  -4.680704E-04
2.300000E+00  -2.858018E-07  -6.967378E-06  -6.154486E-04  -7.535763E-03  -7.820525E-05  -8.500488E-04
2.350000E+00  -6.149913E-07  -5.023383E-06  -1.100062E-03  -1.345612E-02  -1.336872E-04  -1.527658E-03
2.400000E+00  -7.881401E-07  -1.086681E-06  -1.961061E-03  -2.221739E-02  -2.309710E-04  -1.892044E-03
2.450000E+00  -7.236594E-07  -7.158395E-06  -3.321801E-03  -3.085501E-02  -3.228916E-04   2.634141E-04
2.500000E+00  -1.503980E-06  -3.847418E-05  -5.046562E-03  -3.511910E-02  -2.046296E-04   6.390795E-03
2.550000E+00  -4.571078E-06  -1.039075E-05  -6.833711E-03  -3.636696E-02   3.161879E-04   1.353595E-02
2.600000E+00  -2.543055E-06   1.042231E-04  -8.683259E-03  -3.894966E-02   1.148966E-03   1.844312E-02
2.650000E+00   5.851231E-06  -3.133157E-05  -1.072868E-02  -4.215097E-02   2.160500E-03   2.155632E-02
2.700000E+00  -5.676211E-06  -2.241551E-04  -1.289836E-02  -4.466337E-02   3.304598E-03   2.378925E-02
2.750000E+00  -1.656427E-05  -1.296756E-04  -1.519501E-02  -4.764744E-02   4.539425E-03   2.635673E-02
2.800000E+00  -1.864377E-05  -1.381237E-05  -1.766310E-02  -5.117460E-02   5.940271E-03   2.836717E-02
2.850000E+00  -1.794551E-05   1.136502E-04  -2.031247E-02  -5.593072E-02   7.376143E-03   2.825992E-02
2.900000E+00  -7.278748E-06   6.590053E-05  -2.325617E-02  -6.212259E-02   8.766264E-03   2.779747E-02
2.950000E+00  -1.135546E-05  -8.351290E-05  -2.652473E-02  -6.785657E-02   1.015589E-02   2.818978E-02
3.000000E+00  -1.563004E-05   6.536087E-05  -3.004183E-02  -7.266966E-02   1.158524E-02   2.893196E-02
3.050000E+00  -4.819369E-06   7.092258E-06  -3.379170E-02  -7.810106E-02   1.304909E-02   2.828770E-02
3.100000E+00  -1.492081E-05  -1.371977E-04  -3.785193E-02  -8.515846E-02   1.441401E-02   2.734178E-02
3.150000E+00  -1.853914E-05  -1.025988E-04  -4.230755E-02  -9.523794E-02   1.578326E-02   2.463821E-02
3.200000E+00  -2.518069E-05  -7.394329E-05  -4.737573E-02  -1.048918E-01   1.687783E-02   2.124174E-02
3.250000E+00  -2.593347E-05  -2.825754E-04  -5.279673E-02  -1.135090E-01   1.790744E-02   1.985482E-02
3.300000E+00  -5.343822E-05  -8.309764E-05  -5.872663E-02  -1.233747E-01   1.886331E-02   1.751760E-02
3.350000E+00  -3.424323E-05   4.517951E-05  -6.513420E-02  -1.352434E-01   1.965920E-02   1.341501E-02
3.400000E+00  -4.892027E-05  -4.777429E-04  -7.225096E-02  -1.486952E-01   2.020482E-02   8.549914E-03
3.450000E+00  -8.201752E-05  -3.829121E-04  -8.000372E-02  -1.581936E-01   2.051419E-02   8.562459E-03
3.500000E+00  -8.721148E-05   3.017762E-05  -8.807032E-02  -1.645923E-01   2.106106E-02   1.651658E-02
3.550000E+00  -7.899976E-05   1.392341E-04  -9.646295E-02  -1.691254E-01   2.216585E-02   3.294429E-02
3.600000E+00  -7.328807E-05  -2.878589E-04  -1.049829E-01  -1.688460E-01   2.435549E-02   5.443163E-02
3.650000E+00  -1.077857E-04  -1.696136E-04  -1.133475E-01  -1.623254E-01   2.760901E-02   6.787241E-02
3.700000E+00  -9.024942E-05   3.738579E-04  -1.212154E-01  -1.417197E-01   3.114273E-02   5.719744E-02
3.750000E+00  -7.039987E-05   1.149356E-04  -1.275195E-01  -9.522233E-02   3.332876E-02   1.974702E-03
3.800000E+00  -7.875587E-05  -1.875474E-04  -1.307376E-01  -2.785284E-02   3.134020E-02  -1.061310E-01
3.850000E+00  -8.915461E-05   3.920095E-04  -1.303048E-01   5.171873E-02   2.271566E-02  -2.224084E-01
3.900000E+00  -3.955491E-05   1.057674E-03  -1.255658E-01   9.839434E-02   9.099364E-03  -2.829500E-01
3.950000E+00   1.661281E-05   5.676838E-04  -1.204654E-01   7.470105E-02  -5.579347E-03  -2.557586E-01
4.000000E+00   1.721347E-05  -5.038147E-04  -1.180957E-01   3.662117E-02  -1.647649E-02  -1.759981E-01
4.050000E+00  -3.376867E-05  -4.786004E-04  -1.168033E-01   3.872924E-03  -2.317916E-02  -1.219536E-01
4.100000E+00  -3.064656E-05  -5.110455E-05  -1.177084E-01  -3.668077E-02  -2.867185E-02  -1.103654E-01
4.150000E+00  -3.887912E-05   3.783545E-04  -1.204713E-01  -5.180996E-02  -3.421570E-02  -1.092420E-01
4.200000E+00   7.188888E-06  -1.290875E-03  -1.228894E-01  -6.360020E-02  -3.959605E-02  -1.170667E-01
4.250000E+00  -1.679667E-04  -2.722410E-03  -1.268314E-01  -9.346299E-02  -4.592237E-02  -1.468142E-01
4.300000E+00  -2.650522E-04   1.568408E-03  -1.322357E-01  -1.097873E-01  -5.427747E-02  -1.902430E-01
4.350000E+00  -1.112582E-05   2.909611E-03  -1.378101E-01  -1.204807E-01  -6.494667E-02  -2.427811E-01
4.400000E+00   2.590898E-05  -2.516070E-03  -1.442837E-01  -1.340347E-01  -7.855558E-02  -3.069355E-01
4.450000E+00  -2.627329E-04  -2.027556E-03  -1.512136E-01  -1.383529E-01  -9.564023E-02  -3.778617E-01
4.500000E+00  -1.768466E-04   1.428565E-03  -1.581190E-01  -1.361959E-01  -1.163417E-01  -4.453055E-01
4.550000E+00  -1.198764E-04  -1.346502E-03  -1.648331E-01  -1.309962E-01  -1.401708E-01  -5.189014E-01
4.600000E+00  -3.114968E-04   4.552928E-05  -1.712186E-01  -1.195358E-01  -1.682319E-01  -5.964316E-01
4.650000E+00  -1.153235E-04   1.862204E-03  -1.767867E-01  -8.917853E-02  -1.998139E-01  -6.526459E-01
4.700000E+00  -1.252764E-04  -3.118145E-04  -1.801365E-01  -5.308293E-02  -2.334965E-01  -6.855986E-01
4.750000E+00  -1.465049E-04   1.373150E-03  -1.820950E-01  -4.291445E-02  -2.683738E-01  -6.974773E-01
4.800000E+00   1.203854E-05   1.676860E-03  -1.844279E-01  -3.945813E-02  -3.032442E-01  -6.836230E-01
4.850000E+00   2.118110E-05  -1.783832E-04  -1.860408E-01  -2.786502E-02  -3.367361E-01  -6.535150E-01
4.900000E+00  -5.799780E-06   6.166457E-04  -1.872144E-01  -3.282972E-02  -3.685957E-01  -6.117511E-01
4.950000E+00   8.284568E-05   1.965540E-03  -1.893238E-01  -4.068419E-02  -3.979112E-01  -5.638066E-01
5.000000E+00   1.907543E-04   1.874936E-03  -1.912829E-01  -4.504472E-02  -4.249764E-01  -5.188679E-01
5.050000E+00   2.703393E-04   2.291559E-04  -1.938283E-01  -6.729253E-02  -4.497980E-01  -4.653905E-01
5.100000E+00   2.136698E-04  -1.543501E-03  -1.980121E-01  -9.213477E-02  -4.715154E-01  -4.070899E-01
5.150000E+00   1.159892E-04  -2.295318E-03  -2.030418E-01  -1.113266E-01  -4.905070E-01  -3.655575E-01
5.200000E+00  -1.586195E-05  -1.342564E-03  -2.091448E-01  -1.323947E-01  -5.080712E-01  -3.433371E-01
5.250000E+00  -1.826719E-05   4.610160E-05  -2.162812E-01  -1.408765E-01  -5.248407E-01  -3.295007E-01
5.300000E+00  -1.125179E-05  -6.039442E-04  -2.232324E-01  -1.401746E-01  -5.410212E-01  -3.182021E-01
5.350000E+00  -7.866161E-05  -1.064059E-03  -2.302987E-01  -1.435275E-01  -5.566609E-01  -3.049356E-01
5.400000E+00  -1.176577E-04  -4.528159E-04  -2.375852E-01  -1.434977E-01  -5.715148E-01  -2.969489E-01
5.450000E+00  -1.239432E-04   1.774810E-04  -2.446485E-01  -1.331253E-01  -5.863558E-01  -2.860600E-01
5.500000E+00  -9.990961E-05   4.651638E-04  -2.508977E-01  -1.264923E-01  -6.001208E-01  -2.746195E-01
5.550000E+00  -7.742681E-05  -1.204352E-03  -2.572977E-01  -1.276060E-01  -6.138177E-01  -2.736148E-01
5.600000E+00  -2.203448E-04  -9.039600E-04  -2.636583E-01  -1.213965E-01  -6.274823E-01  -2.682853E-01
5.650000E+00  -1.678228E-04   1.638208E-03  -2.694373E-01  -1.180804E-01  -6.406462E-01  -2.610809E-01
5.700000E+00  -5.652399E-05   9.556442E-04  -2.754663E-01  -1.168209E-01  -6.535904E-01  -2.575245E-01
5.750000E+00  -7.225840E-05  -3.413630E-04  -2.811194E-01  -1.059422E-01  -6.663987E-01  -2.561924E-01
5.800000E+00  -9.066029E-05   1.523490E-04  -2.860606E-01  -1.041585E-01  -6.792096E-01  -2.605873E-01
5.850000E+00  -5.702350E-05   1.331630E-04  -2.915353E-01  -1.009758E-01  -6.924574E-01  -2.598852E-01
5.900000E+00  -7.734398E-05   2.725402E-04  -2.961581E-01  -9.012684E-02  -7.051982E-01  -2.476656E-01
5.950000E+00  -2.976948E-05   8.124257E-04  -3.005480E-01  -9.856224E-02  -7.172240E-01  -2.268076E-01
6.000000E+00   3.898582E-06   5.658795E-04  -3.060144E-01  -1.061629E-01  -7.278789E-01  -1.959753E-01
6.050000E+00   2.681847E-05  -2.230142E-03  -3.111643E-01  -1.093917E-01  -7.368215E-01  -1.741698E-01
6.100000E+00  -2.191156E-04  -3.191387E-03  -3.169535E-01  -1.208247E-01  -7.452959E-01  -1.727870E-01
6.150000E+00  -2.923203E-04   1.419422E-03  -3.232467E-01  -1.236863E-01  -7.541002E-01  -1.726696E-01
6.200000E+00  -7.717339E-05   3.392971E-03  -3.293222E-01  -1.251547E-01  -7.625629E-01  -1.655543E-01
6.250000E+00   4.697689E-05   2.006752E-03  -3.357622E-01  -1.290616E-01  -7.706556E-01  -1.636606E-01
6.300000E+00   1.235019E-04  -2.949906E-05  -3.422283E-01  -1.260921E-01  -7.789289E-01  -1.670033E-01
6.350000E+00   4.402698E-05   6.235440E-04  -3.483714E-01  -1.178087E-01  -7.873560E-01  -1.635262E-01
6.400001E+00   1.858563E-04   1.251866E-03  -3.540092E-01  -1.116262E-01  -7.952815E-01  -1.606476E-01
6.450000E+00   1.692136E-04  -3.119091E-03  -3.595340E-01  -1.095738E-01  -8.034208E-01  -1.574466E-01
6.500000E+00  -1.260528E-04  -2.841804E-03  -3.649666E-01  -1.059774E-01  -8.110262E-01  -1.525098E-01
6.550000E+00  -1.149668E-04   3.614359E-04  -3.701318E-01  -9.950891E-02  -8.186717E-01  -1.529485E-01
6.600000E+00  -8.990924E-05  -1.217507E-03  -3.749174E-01  -9.387627E-02  -8.263210E-01  -1.540688E-01
6.650001E+00  -2.367175E-04  -1.562774E-03  -3.795194E-01  -9.392455E-02  -8.340786E-01  -1.552725E-01
6.700000E+00  -2.461866E-04   2.166831E-03  -3.843099E-01  -9.708211E-02  -8.418483E-01  -1.527157E-01
6.750000E+00  -2.003438E-05   2.123005E-03  -3.892276E-01  -9.423062E-02  -8.493502E-01  -1.441050E-01
6.800000E+00  -3.388610E-05   4.138182E-04  -3.937330E-01  -9.071201E-02  -8.562587E-01  -1.403713E-01
6.850000E+00   2.134745E-05   7.805417E-04  -3.982988E-01  -9.098381E-02  -8.633873E-01  -1.437336E-01
6.900001E+00   4.416807E-05   4.578248E-05  -4.028314E-01  -8.813575E-02  -8.706322E-01  -1.438811E-01
6.950000E+00   2.592570E-05  -2.435760E-04  -4.071124E-01  -8.668721E-02  -8.777754E-01  -1.393944E-01
7.000000E+00   1.981047E-05  -1.391293E-03  -4.115001E-01  -8.883104E-02  -8.845716E-01  -1.357269E-01
7.050000E+00  -1.132036E-04  -9.627334E-04  -4.159955E-01  -8.795351E-02  -8.913481E-01  -1.365489E-01
7.100000E+00  -7.646286E-05   2.671816E-03  -4.202954E-01  -8.905903E-02  -8.982265E-01  -1.356214E-01
7.150001E+00   1.539780E-04   2.674699E-03  -4.249014E-01  -8.798450E-02  -9.049103E-01  -1.287290E-01
7.200000E+00   1.910070E-04  -2.070940E-04  -4.290939E-01  -8.601025E-02  -9.110994E-01  -1.217234E-01
7.250000E+00   1.332686E-04  -3.359999E-03  -4.335024E-01  -8.467287E-02  -9.170826E-01  -1.198062E-01
7.300000E+00  -1.449929E-04  -2.267777E-03  -4.375612E-01  -8.538038E-02  -9.230800E-01  -1.193297E-01
7.350000E+00  -9.350909E-05   1.880279E-03  -4.420404E-01  -9.187296E-02  -9.290156E-01  -1.228279E-01
7.400001E+00   4.303505E-05   5.520978E-04  -4.467485E-01  -8.913621E-02  -9.353628E-01  -1.193962E-01
7.450000E+00  -3.829932E-05   6.890041E-07  -4.509541E-01  -7.815853E-02  -9.409552E-01  -1.143867E-01
7.500000E+00   4.310395E-05   2.676263E-03  -4.545643E-01  -7.505178E-02  -9.468014E-01  -1.172909E-01
7.550000E+00   2.293269E-04  -1.409617E-03  -4.584593E-01  -7.823005E-02  -9.526843E-01  -1.189145E-01
7.600000E+00  -9.785777E-05  -2.248584E-03  -4.623873E-01  -7.365078E-02  -9.586929E-01  -1.217881E-01
7.650001E+00   4.468495E-06   1.417998E-03  -4.658243E-01  -7.402509E-02  -9.648631E-01  -1.183793E-01
7.700000E+00   4.394198E-05  -1.202758E-03  -4.697898E-01  -7.643417E-02  -9.705309E-01  -1.096448E-01
7.750000E+00  -1.158073E-04   1.175280E-03  -4.734677E-01  -7.305771E-02  -9.758276E-01  -1.047629E-01
7.800000E+00   1.614700E-04   3.557051E-03  -4.770956E-01  -7.301629E-02  -9.810071E-01  -9.978473E-02
7.850000E+00   2.398977E-04  -1.194605E-03  -4.807694E-01  -7.162303E-02  -9.858060E-01  -9.926766E-02
7.900001E+00   4.200954E-05  -2.638663E-03  -4.842579E-01  -6.733999E-02  -9.909339E-01  -1.023954E-01
7.950000E+00  -2.396863E-05  -6.438089E-04  -4.875033E-01  -6.957486E-02  -9.960456E-01  -1.050377E-01
8.000000E+00  -2.237136E-05   2.365526E-03  -4.912154E-01  -7.221118E-02  -1.001438E+00  -1.096386E-01
8.050000E+00   2.125840E-04   1.806675E-03  -4.947245E-01  -6.554440E-02  -1.007010E+00  -1.105791E-01
8.100000E+00   1.582961E-04  -2.543996E-03  -4.977698E-01  -6.126553E-02  -1.012496E+00  -1.062918E-01
8.150001E+00  -4.181559E-05  -3.044200E-03  -5.008510E-01  -5.892247E-02  -1.017639E+00  -1.028395E-01
8.200001E+00  -1.461239E-04   1.402597E-03  -5.036621E-01  -5.691886E-02  -1.022779E+00  -1.026255E-01
8.250000E+00   9.844413E-05   1.445712E-03  -5.065429E-01  -6.084323E-02  -1.027901E+00  -9.875774E-02
8.300000E+00  -1.552751E-06  -1.183307E-03  -5.097464E-01  -5.861849E-02  -1.032655E+00  -9.360731E-02
8.350000E+00  -1.988656E-05   3.739951E-05  -5.124048E-01  -5.340844E-02  -1.037262E+00  -9.743094E-02
8.400001E+00   2.187200E-06  -1.332730E-03  -5.150872E-01  -5.402476E-02  -1.042398E+00  -1.017952E-01
8.450001E+00  -1.531596E-04  -3.664134E-03  -5.178072E-01  -5.112499E-02  -1.047441E+00  -9.803414E-02
8.500000E+00  -3.642262E-04  -4.408640E-04  -5.201998E-01  -5.217463E-02  -1.052202E+00  -9.223223E-02
8.550000E+00  -1.972460E-04   5.259253E-03  -5.230247E-01  -5.339682E-02  -1.056665E+00  -9.194732E-02
8.600000E+00   1.616991E-04   5.421418E-03  -5.255394E-01  -5.130351E-02  -1.061397E+00  -9.900272E-02
8.650001E+00   3.448958E-04   8.607272E-05  -5.281551E-01  -4.819691E-02  -1.066565E+00  -1.000774E-01
8.700001E+00   1.703063E-04  -4.453005E-04  -5.303591E-01  -4.246175E-02  -1.071404E+00  -9.399295E-02
8.750000E+00   3.003657E-04   2.050383E-04  -5.324012E-01  -4.046589E-02  -1.075964E+00  -9.273231E-02
8.800000E+00   1.908102E-04  -3.234536E-03  -5.344057E-01  -4.197478E-02  -1.080678E+00  -9.109974E-02
8.850000E+00  -2.308790E-05  -1.215808E-03  -5.365987E-01  -4.610449E-02  -1.085074E+00  -8.665383E-02
8.900001E+00   6.922941E-05  -8.429547E-04  -5.390161E-01  -4.819751E-02  -1.089343E+00  -8.876622E-02
8.950001E+00  -1.073834E-04  -1.306057E-03  -5.414184E-01  -4.338175E-02  -1.093951E+00  -9.474337E-02
9.000000E+00  -6.137630E-05   1.325378E-03  -5.433543E-01  -3.812820E-02  -1.098817E+00  -9.630740E-02
9.050000E+00   2.515444E-05  -9.414337E-04  -5.452313E-01  -3.929138E-02  -1.103582E+00  -9.413600E-02
9.100000E+00  -1.555197E-04  -2.646196E-03  -5.472835E-01  -3.823936E-02  -1.108231E+00  -9.057939E-02
9.150001E+00  -2.394651E-04  -4.140621E-04  -5.490552E-01  -3.908962E-02  -1.112639E+00  -8.864880E-02
9.200001E+00  -1.969259E-04   3.106206E-03  -5.511924E-01  -4.330844E-02  -1.117096E+00  -9.093881E-02
9.250001E+00   7.115550E-05   2.844401E-03  -5.533861E-01  -4.226655E-02  -1.121733E+00  -9.364665E-02
9.300000E+00   8.751420E-05  -1.455175E-04  -5.554191E-01  -3.691763E-02  -1.126460E+00  -9.436727E-02
9.350000E+00   5.660375E-05  -2.576994E-04  -5.570778E-01  -3.529519E-02  -1.131170E+00  -9.219229E-02
9.400001E+00   6.174426E-05   1.457249E-04  -5.589486E-01  -4.264325E-02  -1.135680E+00  -8.370280E-02
9.450001E+00   7.117623E-05   1.259791E-03  -5.613421E-01  -4.209965E-02  -1.139540E+00  -7.493794E-02
9.500001E+00   1.877234E-04  -7.472794E-04  -5.631586E-01  -4.224032E-02  -1.143173E+00  -7.543802E-02
9.550000E+00  -3.551701E-06  -3.454232E-03  -5.655662E-01  -4.287839E-02  -1.147084E+00  -8.968234E-02
9.600000E+00  -1.576998E-04  -1.570452E-03  -5.674464E-01  -3.131270E-02  -1.152142E+00  -1.021481E-01
9.650001E+00  -1.605969E-04  -1.300350E-03  -5.686975E-01  -2.866238E-02  -1.157299E+00  -9.638667E-02
9.700001E+00  -2.877349E-04  -1.226144E-03  -5.703126E-01  -3.600150E-02  -1.161780E+00  -8.689582E-02
9.750001E+00  -2.832113E-04   4.032364E-03  -5.722976E-01  -3.661692E-02  -1.165989E+00  -8.930504E-02
9.800000E+00   1.155015E-04   4.345862E-03  -5.739744E-01  -3.194094E-02  -1.170711E+00  -9.571612E-02
9.850000E+00   1.513750E-04   1.142439E-03  -5.754917E-01  -2.867281E-02  -1.175560E+00  -9.284317E-02
9.900001E+00   2.297454E-04  -7.188986E-04  -5.768416E-01  -2.670795E-02  -1.179995E+00  -8.325160E-02
9.950001E+00   7.948511E-05  -1.607833E-03  -5.781625E-01  -2.987504E-02  -1.183885E+00  -7.897615E-02
1.000000E+01   6.896204E-05   1.598094E-03  -5.798291E-01  -3.529340E-02  -1.187893E+00  -8.115947E-02
1.005000E+01   2.392945E-04   2.769332E-03  -5.816919E-01  -3.809541E-02  -1.192001E+00  -8.312464E-02
1.010000E+01   3.458953E-04  -3.787016E-03  -5.836387E-01  -3.318578E-02  -1.196205E+00  -8.741677E-02
1.015000E+01  -1.394071E-04  -5.194829E-03  -5.850104E-01  -3.219724E-02  -1.200743E+00  -8.888841E-02
1.020000E+01  -1.735876E-04   2.912001E-03  -5.868584E-01  -3.535241E-02  -1.205094E+00  -8.316040E-02
1.025000E+01   1.517930E-04   2.603776E-03  -5.885457E-01  -3.350824E-02  -1.209059E+00  -8.286178E-02
1.030000E+01   8.678994E-05  -1.464107E-03  -5.902092E-01  -3.336310E-02  -1.213380E+00  -8.422375E-02
1.035000E+01   5.382346E-06  -5.276519E-03  -5.918820E-01  -3.171057E-02  -1.217481E+00  -8.419156E-02
1.040000E+01  -4.408620E-04  -5.618022E-04  -5.933803E-01  -3.532827E-02  -1.221799E+00  -8.501589E-02
1.045000E+01  -5.079788E-05   6.592023E-03  -5.954148E-01  -3.396690E-02  -1.225983E+00  -7.917702E-02
1.050000E+01   2.183403E-04   2.189457E-03  -5.967770E-01  -2.958804E-02  -1.229717E+00  -7.849991E-02
1.055000E+01   1.681478E-04  -4.739533E-04  -5.983736E-01  -2.783090E-02  -1.233833E+00  -8.031726E-02
1.060000E+01   1.709450E-04  -6.511534E-04  -5.995600E-01  -2.828628E-02  -1.237749E+00  -7.621884E-02
1.065000E+01   1.030325E-04  -2.632509E-03  -6.012022E-01  -2.958357E-02  -1.241455E+00  -7.555842E-02
1.070000E+01  -9.230593E-05  -1.857570E-03  -6.025184E-01  -3.260016E-02  -1.245305E+00  -7.817864E-02
1.075000E+01  -8.272447E-05  -1.504768E-04  -6.044623E-01  -3.139377E-02  -1.249273E+00  -8.085191E-02
1.080000E+01  -1.073536E-04   3.246907E-03  -6.056578E-01  -2.334058E-02  -1.253390E+00  -8.086205E-02
1.085000E+01   2.419662E-04   4.592995E-03  -6.067963E-01  -2.379924E-02  -1.257359E+00  -8.435905E-02
1.090000E+01   3.519458E-04   2.011660E-04  -6.080377E-01  -2.878994E-02  -1.261826E+00  -9.077847E-02
1.095000E+01   2.620828E-04  -5.625674E-04  -6.096753E-01  -3.315747E-02  -1.266437E+00  -9.177625E-02
1.100000E+01   2.956891E-04   1.105050E-03  -6.113535E-01  -3.592521E-02  -1.271003E+00  -9.424388E-02
1.105000E+01   3.725879E-04  -7.948052E-05  -6.132678E-01  -4.132003E-02  -1.275861E+00  -9.750843E-02
1.110000E+01   2.877411E-04   8.423114E-05  -6.154854E-01  -4.755199E-02  -1.280754E+00  -9.801984E-02
1.115000E+01   3.810110E-04   1.899818E-04  -6.180230E-01  -5.034536E-02  -1.285663E+00  -1.012743E-01
1.120000E+01   3.067392E-04  -3.283921E-03  -6.205200E-01  -4.900038E-02  -1.290882E+00  -1.054186E-01
1.125000E+01   5.261891E-05  -3.179633E-03  -6.229230E-01  -4.914641E-02  -1.296205E+00  -1.014239E-01
1.130000E+01  -1.122410E-05  -9.118381E-05  -6.254346E-01  -4.983693E-02  -1.301024E+00  -9.739280E-02
1.135000E+01   4.350053E-05   1.034503E-03  -6.279067E-01  -4.471838E-02  -1.305944E+00  -1.057595E-01
1.140000E+01   9.222626E-05   5.492037E-04  -6.299065E-01  -3.772199E-02  -1.311600E+00  -1.135534E-01
1.145000E+01   9.842090E-05   1.678374E-03  -6.316789E-01  -3.091335E-02  -1.317300E+00  -1.099622E-01
1.150000E+01   2.600636E-04  -3.014511E-04  -6.329978E-01  -2.907425E-02  -1.322596E+00  -1.070988E-01
1.155000E+01   6.827579E-05  -1.569740E-03  -6.345863E-01  -3.072113E-02  -1.328009E+00  -1.126671E-01
1.160000E+01   1.030896E-04   1.035914E-03  -6.360699E-01  -3.330708E-02  -1.333863E+00  -1.183760E-01
1.165000E+01   1.718672E-04   2.349869E-03  -6.379170E-01  -3.168374E-02  -1.339847E+00  -1.187819E-01
1.170000E+01   3.380764E-04   1.396635E-03  -6.392383E-01  -2.983689E-02  -1.345741E+00  -1.206160E-01
1.175000E+01   3.115306E-04   1.478678E-03  -6.409007E-01  -3.371894E-02  -1.351909E+00  -1.212966E-01
1.180000E+01   4.859443E-04   1.140375E-03  -6.426102E-01  -2.716690E-02  -1.357871E+00  -1.217312E-01
1.185000E+01   4.255681E-04  -3.950770E-03  -6.436175E-01  -2.268642E-02  -1.364082E+00  -1.272219E-01
1.190000E+01   9.086728E-05  -2.956860E-03  -6.448789E-01  -2.753317E-02  -1.370593E+00  -1.324904E-01
1.195000E+01   1.298821E-04   9.509568E-04  -6.463708E-01  -3.517717E-02  -1.377331E+00  -1.356262E-01
1.200000E+01   1.859630E-04   1.021201E-03  -6.483966E-01  -3.805429E-02  -1.384156E+00  -1.345819E-01
1.205000E+01   2.320022E-04   1.119424E-03  -6.501762E-01  -3.834933E-02  -1.390789E+00  -1.302630E-01
1.210000E+01   2.979054E-04   2.208296E-03  -6.522315E-01  -4.029036E-02  -1.397182E+00  -1.296693E-01
1.215000E+01   4.528319E-04   1.506152E-03  -6.542052E-01  -3.364146E-02  -1.403756E+00  -1.351446E-01
1.220000E+01   4.485205E-04  -1.220898E-03  -6.555957E-01  -3.146231E-02  -1.410696E+00  -1.378679E-01
1.225000E+01   3.307421E-04  -1.655249E-03  -6.573515E-01  -3.381342E-02  -1.417543E+00  -1.357758E-01
1.230000E+01   2.829956E-04  -4.832561E-04  -6.589770E-01  -2.816707E-02  -1.424274E+00  -1.341403E-01
1.235000E+01   2.824165E-04   1.654104E-03  -6.601682E-01  -2.537698E-02  -1.430957E+00  -1.267296E-01
1.240000E+01   4.484060E-04   3.440044E-03  -6.615146E-01  -3.333211E-02  -1.436947E+00  -1.154011E-01
1.245000E+01   6.264210E-04   1.000299E-03  -6.635014E-01  -3.515124E-02  -1.442497E+00  -9.479344E-02
1.250000E+01   5.484358E-04  -3.264956E-03  -6.650298E-01  -2.812266E-02  -1.446426E+00  -5.589485E-02
1.255000E+01   2.999253E-04  -2.070991E-03  -6.663136E-01  -7.221997E-03  -1.448086E+00   5.224347E-03
1.260000E+01   3.413367E-04   1.452518E-03  -6.657520E-01   4.886031E-02  -1.445904E+00   7.145762E-02
1.265000E+01   4.451771E-04   4.438768E-03  -6.614276E-01   1.082119E-01  -1.440941E+00   1.025349E-01
1.270000E+01   7.852135E-04   1.917619E-03  -6.549308E-01   1.374617E-01  -1.435650E+00   9.703696E-02
1.275000E+01   6.369390E-04  -1.230999E-03  -6.476815E-01   1.479888E-01  -1.431237E+00   7.653594E-02
1.280000E+01   6.621137E-04   2.158843E-03  -6.401320E-01   1.377076E-01  -1.427997E+00   5.686402E-02
1.285000E+01   8.528234E-04   1.596873E-03  -6.339107E-01   1.073945E-01  -1.425550E+00   4.116774E-02
1.290000E+01   8.218010E-04  -1.156098E-03  -6.293925E-01   7.508576E-02  -1.423880E+00   3.325522E-02
1.295000E+01   7.372136E-04   2.794773E-03  -6.264021E-01   4.791021E-02  -1.422225E+00   3.042936E-02
1.300000E+01   1.101278E-03   2.743250E-03  -6.246015E-01   2.361894E-02  -1.420837E+00   2.540052E-02
1.305000E+01   1.011539E-03   4.285469E-04  -6.240402E-01  -4.055202E-03  -1.419685E+00   2.012193E-02
1.310000E+01   1.144133E-03   2.844567E-03  -6.250070E-01  -2.230227E-02  -1.418825E+00   1.437902E-02
1.315000E+01   1.295995E-03   2.389087E-03  -6.262704E-01  -2.405077E-02  -1.418247E+00   1.488864E-02
1.320000E+01   1.383042E-03   3.903261E-03  -6.274121E-01  -2.877623E-02  -1.417336E+00   1.690924E-02
1.325000E+01   1.686321E-03   2.237784E-03  -6.291481E-01  -3.440619E-02  -1.416556E+00   1.355052E-02
1.330000E+01   1.606820E-03  -9.839539E-04  -6.308527E-01  -3.723860E-02  -1.415981E+00   9.819865E-03
1.335000E+01   1.587926E-03   2.745451E-03  -6.328719E-01  -4.212469E-02  -1.415574E+00   7.045269E-03
1.340000E+01   1.881365E-03   5.294282E-03  -6.350651E-01  -4.257947E-02  -1.415276E+00   8.152127E-03
1.345000E+01   2.117354E-03  -9.642704E-04  -6.371299E-01  -4.317552E-02  -1.414759E+00   1.247823E-02
1.350000E+01   1.784938E-03  -2.049108E-03  -6.393827E-01  -4.767388E-02  -1.414029E+00   1.265943E-02
1.355000E+01   1.912443E-03   1.449100E-03  -6.418973E-01  -4.353136E-02  -1.413493E+00   8.620620E-03
1.360000E+01   1.929848E-03   1.262336E-03  -6.437358E-01  -3.959775E-02  -1.413167E+00   1.003981E-02
1.365000E+01   2.038677E-03   1.654642E-03  -6.458570E-01  -4.602611E-02  -1.412489E+00   7.641912E-03
1.370000E+01   2.095312E-03   2.148333E-03  -6.483384E-01  -4.890680E-02  -1.412402E+00   3.850460E-04
1.375000E+01   2.253511E-03   1.514366E-03  -6.507477E-01  -5.548716E-02  -1.412451E+00   5.620718E-04
1.380000E+01   2.246749E-03   1.767196E-03  -6.538872E-01  -5.962104E-02  -1.412346E+00   7.936954E-03
1.385000E+01   2.430230E-03   2.795877E-03  -6.567098E-01  -5.614102E-02  -1.411657E+00   1.064718E-02
1.390000E+01   2.526337E-03   7.715495E-04  -6.595013E-01  -5.959034E-02  -1.411281E+00   9.536147E-03
1.395000E+01   2.507385E-03   8.174102E-05  -6.626688E-01  -5.878925E-02  -1.410703E+00   7.082224E-03
1.400000E+01   2.534511E-03  -4.210498E-04  -6.653802E-01  -5.409151E-02  -1.410573E+00  -7.379055E-04
1.405000E+01   2.465280E-03   1.337053E-04  -6.680780E-01  -5.260020E-02  -1.410777E+00   2.623200E-03
1.410000E+01   2.547881E-03   5.736155E-04  -6.706402E-01  -4.498959E-02  -1.410311E+00   9.032488E-03
1.415000E+01   2.522642E-03   6.625871E-04  -6.725770E-01  -3.435045E-02  -1.409874E+00   3.808141E-03
1.420000E+01   2.614140E-03   2.577913E-03  -6.740752E-01  -2.989680E-02  -1.409930E+00  -1.548529E-03
1.425000E+01   2.780433E-03   4.017017E-03  -6.755667E-01  -3.490865E-02  -1.410029E+00   2.535582E-03
1.430000E+01   3.015842E-03   4.036610E-03  -6.775661E-01  -3.661543E-02  -1.409676E+00  -1.609325E-05
1.435000E+01   3.184094E-03  -4.704460E-05  -6.792282E-01  -3.252000E-02  -1.410030E+00  -8.078218E-03
1.440000E+01   3.011137E-03  -1.541149E-03  -6.808181E-01  -3.229320E-02  -1.410484E+00  -8.808374E-03
1.445000E+01   3.029979E-03   3.278074E-03  -6.824575E-01  -3.882051E-02  -1.410911E+00  -1.354218E-02
1.450000E+01   3.338945E-03   2.432147E-03  -6.847001E-01  -3.702402E-02  -1.411839E+00  -1.663923E-02
1.455000E+01   3.273194E-03  -2.968163E-03  -6.861599E-01  -3.092080E-02  -1.412575E+00  -1.956642E-02
1.460000E+01   3.042128E-03  -1.533782E-03  -6.877922E-01  -2.660364E-02  -1.413795E+00  -2.676845E-02
1.465000E+01   3.119815E-03  -5.951582E-04  -6.888202E-01  -2.775729E-02  -1.415252E+00  -2.270877E-02
1.470000E+01   2.982612E-03  -2.918829E-03  -6.905680E-01  -3.300220E-02  -1.416066E+00  -1.832306E-02
1.475000E+01   2.827933E-03   2.133348E-03  -6.921205E-01  -2.843589E-02  -1.417084E+00  -2.590060E-02
1.480000E+01   3.195947E-03   1.465607E-03  -6.934116E-01  -3.040940E-02  -1.418656E+00  -2.955377E-02
1.485000E+01   2.974493E-03  -3.026134E-03  -6.951615E-01  -2.440184E-02  -1.420039E+00  -2.192020E-02
1.490000E+01   2.893334E-03   5.035801E-04  -6.958517E-01  -1.618624E-02  -1.420848E+00  -1.317680E-02
1.495000E+01   3.024851E-03  -1.266564E-04  -6.967801E-01  -1.876235E-02  -1.421357E+00  -1.912117E-02
1.500000E+01   2.880668E-03  -1.266564E-04  -6.977280E-01  -1.876235E-02  -1.422760E+00  -1.912117E-02
